3.81469726562e-06 set_arm_max_velocity 100
0.00366377830505 move_joints -0.0165 -0.002 0.0115 0.0089 0.0188 0.0142
2.88611578941 move_joints -1.0238 -0.477 -0.6679 -0.0174 -0.4493 0.5336
4.75942778587 set_arm_max_velocity 5
4.76555395126 move_joints -1.0374 -0.5417 -0.6463 -0.0037 -0.3737 0.548
5.63841199875 move_joints -1.0443 -0.4669 -0.6586 -0.0202 -0.4284 0.5444
6.60798096657 set_arm_max_velocity 100
6.61270689964 move_joints 0.3417 -1.0647 -0.2949 0.01 -0.2458 1.8963
8.78495883942 set_arm_max_velocity 5
8.7906358242 move_joints 0.3377 -1.1281 -0.248 0.0187 -0.2179 1.9105
9.66399288177 move_joints 0.3278 -1.0565 -0.2762 -0.0004 -0.2497 1.8875
10.5709309578 set_arm_max_velocity 100
10.5775749683 move_joints -1.0386 -0.6295 -0.6326 0.0072 -0.2713 -1.06
13.0512518883 set_arm_max_velocity 5
13.0575928688 move_joints -1.0318 -0.7316 -0.6216 0.002 -0.2265 -1.0361
14.266204834 move_joints -1.0278 -0.651 -0.6663 0.0056 -0.2885 -1.0325
15.2732357979 set_arm_max_velocity 100
15.278842926 move_joints 0.4666 -0.9797 -0.6371 -0.0087 0.0493 0.4667
17.5531167984 set_arm_max_velocity 5
17.5587558746 move_joints 0.3847 -1.0751 -0.4182 -0.005 -0.0898 0.3731
19.8699278831 move_joints 0.3644 -1.0029 -0.4479 -0.0017 -0.1154 0.3954
20.7831537724 set_arm_max_velocity 100
20.7882289886 move_joints -1.0329 -0.8282 -0.6042 0.0111 -0.1352 0.5408
22.8969209194 set_arm_max_velocity 5
22.901807785 move_joints -1.0389 -0.8805 -0.5769 0.0139 -0.1116 0.5375
23.6091887951 move_joints -1.0189 -0.8128 -0.6194 -0.0096 -0.1573 0.5335
24.479475975 set_arm_max_velocity 100
24.4844977856 move_joints 0.0397 -1.0488 -0.3452 -0.0128 -0.1805 1.6209
26.3564698696 set_arm_max_velocity 5
26.3609418869 move_joints 0.217 -1.1038 -0.2844 0.0237 -0.1722 1.7791
28.1341919899 move_joints 0.2194 -1.0475 -0.329 -0.0196 -0.2118 1.7842
28.9040808678 set_arm_max_velocity 100
28.9091148376 move_joints -1.0452 -0.9968 -0.556 0.0156 -0.042 -1.0321
31.2815589905 set_arm_max_velocity 5
31.2875728607 move_joints -1.0321 -1.0684 -0.49 0.0197 0.0042 -1.0318
32.1979579926 move_joints -1.0098 -0.9846 -0.5447 0.0073 -0.0344 -1.0222
33.2047889233 set_arm_max_velocity 100
33.2104208469 move_joints 0.0628 -0.9786 -0.7379 -0.0079 0.1457 0.0772
35.1192429066 set_arm_max_velocity 5
35.1247038841 move_joints 0.2319 -1.0625 -0.45 -0.0019 -0.0573 0.2273
38.1391458511 move_joints 0.2303 -1.0004 -0.503 -0.0007 -0.0568 0.2245
38.9527928829 set_arm_max_velocity 100
38.9567778111 move_joints -0.0059 -0.0114 -0.0051 -0.0094 -0.0013 0.012
