0.069574 0 0.20078 2 1
0.23969 0 0.40877 3 1
0.1075 -0.180 0.159 0 0
0.1075 -0.180 0.144 0 0
0.1075 -0.180 0.159 0 1
0.245 0.085 0.054 0 0
0.245 0.085 0.039 0 0
0.245 0.085 0.054 0 1
0.1075 -0.180 0.124 1 0
0.1075 -0.180 0.109 1 0
0.1075 -0.180 0.124 1 1
0.170 0.085 0.054 1 0
0.211 0.085 0.039 1 0
0.211 0.085 0.054 1 1
0.1075 -0.180 0.089 0 0
0.1075 -0.180 0.074 0 0
0.1075 -0.180 0.089 0 1
0.245 0.011 0.054 0 0
0.245 0.051 0.039 0 0
0.245 0.051 0.054 0 1
0.1075 -0.180 0.054 1 0
0.1075 -0.180 0.039 1 0
0.1075 -0.180 0.054 1 1
0.170 0.011 0.054 1 0
0.211 0.051 0.039 1 0
0.211 0.051 0.054 1 1
0.23969 0 0.40877 3 1