0.0681 -0.000396296296296 0.204144444444
0.0745 -0.000292592592593 0.211288888889
0.0809 -0.000188888888889 0.218433333333
0.0873 -8.51851851852e-05 0.225577777778
0.0937 1.85185185185e-05 0.232722222222
0.1001 0.000122222222222 0.239866666667
0.1065 0.000225925925926 0.247011111111
0.1129 0.00032962962963 0.254155555556
0.1193 0.000433333333333 0.2613
0.1257 0.000537037037037 0.268444444444
0.1321 0.000640740740741 0.275588888889
0.1385 0.000744444444444 0.282733333333
0.1449 0.000848148148148 0.289877777778
0.1513 0.000951851851852 0.297022222222
0.1577 0.00105555555556 0.304166666667
0.1641 0.00115925925926 0.311311111111
0.1705 0.00126296296296 0.318455555556
0.1769 0.00136666666667 0.3256
0.1833 0.00147037037037 0.332744444444
0.1897 0.00157407407407 0.339888888889
0.1961 0.00167777777778 0.347033333333
0.2025 0.00178148148148 0.354177777778
0.2089 0.00188518518519 0.361322222222
0.2153 0.00198888888889 0.368466666667
0.2217 0.00209259259259 0.375611111111
0.2281 0.0021962962963 0.382755555556
0.2345 0.0023 0.3899
0.231415151515 -0.00338181818182 0.382660606061
0.22753030303 -0.00886363636364 0.375621212121
0.223645454545 -0.0143454545455 0.368581818182
0.219760606061 -0.0198272727273 0.361542424242
0.215875757576 -0.0253090909091 0.354503030303
0.211990909091 -0.0307909090909 0.347463636364
0.208106060606 -0.0362727272727 0.340424242424
0.204221212121 -0.0417545454545 0.333384848485
0.200336363636 -0.0472363636364 0.326345454545
0.196451515152 -0.0527181818182 0.319306060606
0.192566666667 -0.0582 0.312266666667
0.188681818182 -0.0636818181818 0.305227272727
0.184796969697 -0.0691636363636 0.298187878788
0.180912121212 -0.0746454545455 0.291148484848
0.177027272727 -0.0801272727273 0.284109090909
0.173142424242 -0.0856090909091 0.27706969697
0.169257575758 -0.0910909090909 0.27003030303
0.165372727273 -0.0965727272727 0.262990909091
0.161487878788 -0.102054545455 0.255951515152
0.157603030303 -0.107536363636 0.248912121212
0.153718181818 -0.113018181818 0.241872727273
0.149833333333 -0.1185 0.234833333333
0.145948484848 -0.123981818182 0.227793939394
0.142063636364 -0.129463636364 0.220754545455
0.138178787879 -0.134945454545 0.213715151515
0.134293939394 -0.140427272727 0.206675757576
0.130409090909 -0.145909090909 0.199636363636
0.126524242424 -0.151390909091 0.192596969697
0.122639393939 -0.156872727273 0.185557575758
0.118754545455 -0.162354545455 0.178518181818
0.11486969697 -0.167836363636 0.171478787879
0.110984848485 -0.173318181818 0.164439393939
0.1071 -0.1788 0.1574
0.107154285714 -0.18196 0.1568
0.107208571429 -0.18192 0.1564
0.107262857143 -0.18188 0.156
0.107317142857 -0.18184 0.1556
0.107371428571 -0.1818 0.1552
0.107425714286 -0.18176 0.1548
0.10748 -0.18172 0.1544
0.107534285714 -0.18168 0.154
0.107588571429 -0.18164 0.1536
0.107642857143 -0.1816 0.1532
0.107697142857 -0.18156 0.1528
0.107751428571 -0.18152 0.1524
0.107805714286 -0.18148 0.152
0.10786 -0.18144 0.1516
0.107914285714 -0.1814 0.1512
0.107968571429 -0.18136 0.1508
0.108022857143 -0.18132 0.1504
0.108077142857 -0.18128 0.15
0.108131428571 -0.18124 0.1496
0.108185714286 -0.1812 0.1492
0.10824 -0.18116 0.1488
0.108294285714 -0.18112 0.1484
0.108348571429 -0.18108 0.148
0.108402857143 -0.18104 0.1476
0.108457142857 -0.181 0.1472
0.108511428571 -0.18096 0.1468
0.108565714286 -0.18092 0.1464
0.10862 -0.18088 0.146
0.108674285714 -0.18084 0.1456
0.108728571429 -0.1808 0.1452
0.108782857143 -0.18076 0.1448
0.108837142857 -0.18072 0.1444
0.108891428571 -0.18068 0.144
0.108945714286 -0.18064 0.1436
0.109 -0.1806 0.1432
0.1079625 -0.1779275 0.143705
0.107925 -0.177955 0.14411
0.1078875 -0.1779825 0.144515
0.10785 -0.17801 0.14492
0.1078125 -0.1780375 0.145325
0.107775 -0.178065 0.14573
0.1077375 -0.1780925 0.146135
0.1077 -0.17812 0.14654
0.1076625 -0.1781475 0.146945
0.107625 -0.178175 0.14735
0.1075875 -0.1782025 0.147755
0.10755 -0.17823 0.14816
0.1075125 -0.1782575 0.148565
0.107475 -0.178285 0.14897
0.1074375 -0.1783125 0.149375
0.1074 -0.17834 0.14978
0.1073625 -0.1783675 0.150185
0.107325 -0.178395 0.15059
0.1072875 -0.1784225 0.150995
0.10725 -0.17845 0.1514
0.1072125 -0.1784775 0.151805
0.107175 -0.178505 0.15221
0.1071375 -0.1785325 0.152615
0.1071 -0.17856 0.15302
0.1070625 -0.1785875 0.153425
0.107025 -0.178615 0.15383
0.1069875 -0.1786425 0.154235
0.10695 -0.17867 0.15464
0.1069125 -0.1786975 0.155045
0.106875 -0.178725 0.15545
0.1068375 -0.1787525 0.155855
0.1068 -0.17878 0.15626
0.1067625 -0.1788075 0.156665
0.106725 -0.178835 0.15707
0.1066875 -0.1788625 0.157475
0.10665 -0.17889 0.15788
0.1066125 -0.1789175 0.158285
0.106575 -0.178945 0.15869
0.1065375 -0.1789725 0.159095
0.1065 -0.179 0.1595
0.108284210526 -0.173294736842 0.157218421053
0.112068421053 -0.166289473684 0.154436842105
0.115852631579 -0.159284210526 0.151655263158
0.119636842105 -0.152278947368 0.148873684211
0.123421052632 -0.145273684211 0.146092105263
0.127205263158 -0.138268421053 0.143310526316
0.130989473684 -0.131263157895 0.140528947368
0.134773684211 -0.124257894737 0.137747368421
0.138557894737 -0.117252631579 0.134965789474
0.142342105263 -0.110247368421 0.132184210526
0.146126315789 -0.103242105263 0.129402631579
0.149910526316 -0.0962368421053 0.126621052632
0.153694736842 -0.0892315789474 0.123839473684
0.157478947368 -0.0822263157895 0.121057894737
0.161263157895 -0.0752210526316 0.118276315789
0.165047368421 -0.0682157894737 0.115494736842
0.168831578947 -0.0612105263158 0.112713157895
0.172615789474 -0.0542052631579 0.109931578947
0.1764 -0.0472 0.10715
0.180184210526 -0.0401947368421 0.104368421053
0.183968421053 -0.0331894736842 0.101586842105
0.187752631579 -0.0261842105263 0.0988052631579
0.191536842105 -0.0191789473684 0.0960236842105
0.195321052632 -0.0121736842105 0.0932421052632
0.199105263158 -0.00516842105263 0.0904605263158
0.202889473684 0.00183684210526 0.0876789473684
0.206673684211 0.00884210526316 0.0848973684211
0.210457894737 0.0158473684211 0.0821157894737
0.214242105263 0.0228526315789 0.0793342105263
0.218026315789 0.0298578947368 0.0765526315789
0.221810526316 0.0368631578947 0.0737710526316
0.225594736842 0.0438684210526 0.0709894736842
0.229378947368 0.0508736842105 0.0682078947368
0.233163157895 0.0578789473684 0.0654263157895
0.236947368421 0.0648842105263 0.0626447368421
0.240731578947 0.0718894736842 0.0598631578947
0.244515789474 0.0788947368421 0.0570815789474
0.2483 0.0859 0.0543
0.24645106383 0.0851085106383 0.0539957446809
0.24630212766 0.0850170212766 0.0535914893617
0.246153191489 0.0849255319149 0.0531872340426
0.246004255319 0.0848340425532 0.0527829787234
0.245855319149 0.0847425531915 0.0523787234043
0.245706382979 0.0846510638298 0.0519744680851
0.245557446809 0.0845595744681 0.051570212766
0.245408510638 0.0844680851064 0.0511659574468
0.245259574468 0.0843765957447 0.0507617021277
0.245110638298 0.084285106383 0.0503574468085
0.244961702128 0.0841936170213 0.0499531914894
0.244812765957 0.0841021276596 0.0495489361702
0.244663829787 0.0840106382979 0.0491446808511
0.244514893617 0.0839191489362 0.0487404255319
0.244365957447 0.0838276595745 0.0483361702128
0.244217021277 0.0837361702128 0.0479319148936
0.244068085106 0.0836446808511 0.0475276595745
0.243919148936 0.0835531914894 0.0471234042553
0.243770212766 0.0834617021277 0.0467191489362
0.243621276596 0.083370212766 0.046314893617
0.243472340426 0.0832787234043 0.0459106382979
0.243323404255 0.0831872340426 0.0455063829787
0.243174468085 0.0830957446809 0.0451021276596
0.243025531915 0.0830042553191 0.0446978723404
0.242876595745 0.0829127659574 0.0442936170213
0.242727659574 0.0828212765957 0.0438893617021
0.242578723404 0.082729787234 0.043485106383
0.242429787234 0.0826382978723 0.0430808510638
0.242280851064 0.0825468085106 0.0426765957447
0.242131914894 0.0824553191489 0.0422723404255
0.241982978723 0.0823638297872 0.0418680851064
0.241834042553 0.0822723404255 0.0414638297872
0.241685106383 0.0821808510638 0.0410595744681
0.241536170213 0.0820893617021 0.0406553191489
0.241387234043 0.0819978723404 0.0402510638298
0.241238297872 0.0819063829787 0.0398468085106
0.241089361702 0.081814893617 0.0394425531915
0.240940425532 0.0817234042553 0.0390382978723
0.240791489362 0.0816319148936 0.0386340425532
0.240642553191 0.0815404255319 0.038229787234
0.240493617021 0.0814489361702 0.0378255319149
0.240344680851 0.0813574468085 0.0374212765957
0.240195744681 0.0812659574468 0.0370170212766
0.240046808511 0.0811744680851 0.0366127659574
0.23989787234 0.0810829787234 0.0362085106383
0.23974893617 0.0809914893617 0.0358042553191
0.2396 0.0809 0.0354
0.239012765957 0.0839234042553 0.0370042553191
0.239125531915 0.0839468085106 0.0374085106383
0.239238297872 0.083970212766 0.0378127659574
0.23935106383 0.0839936170213 0.0382170212766
0.239463829787 0.0840170212766 0.0386212765957
0.239576595745 0.0840404255319 0.0390255319149
0.239689361702 0.0840638297872 0.039429787234
0.23980212766 0.0840872340426 0.0398340425532
0.239914893617 0.0841106382979 0.0402382978723
0.240027659574 0.0841340425532 0.0406425531915
0.240140425532 0.0841574468085 0.0410468085106
0.240253191489 0.0841808510638 0.0414510638298
0.240365957447 0.0842042553191 0.0418553191489
0.240478723404 0.0842276595745 0.0422595744681
0.240591489362 0.0842510638298 0.0426638297872
0.240704255319 0.0842744680851 0.0430680851064
0.240817021277 0.0842978723404 0.0434723404255
0.240929787234 0.0843212765957 0.0438765957447
0.241042553191 0.0843446808511 0.0442808510638
0.241155319149 0.0843680851064 0.044685106383
0.241268085106 0.0843914893617 0.0450893617021
0.241380851064 0.084414893617 0.0454936170213
0.241493617021 0.0844382978723 0.0458978723404
0.241606382979 0.0844617021277 0.0463021276596
0.241719148936 0.084485106383 0.0467063829787
0.241831914894 0.0845085106383 0.0471106382979
0.241944680851 0.0845319148936 0.047514893617
0.242057446809 0.0845553191489 0.0479191489362
0.242170212766 0.0845787234043 0.0483234042553
0.242282978723 0.0846021276596 0.0487276595745
0.242395744681 0.0846255319149 0.0491319148936
0.242508510638 0.0846489361702 0.0495361702128
0.242621276596 0.0846723404255 0.0499404255319
0.242734042553 0.0846957446809 0.0503446808511
0.242846808511 0.0847191489362 0.0507489361702
0.242959574468 0.0847425531915 0.0511531914894
0.243072340426 0.0847659574468 0.0515574468085
0.243185106383 0.0847893617021 0.0519617021277
0.24329787234 0.0848127659574 0.0523659574468
0.243410638298 0.0848361702128 0.052770212766
0.243523404255 0.0848595744681 0.0531744680851
0.243636170213 0.0848829787234 0.0535787234043
0.24374893617 0.0849063829787 0.0539829787234
0.243861702128 0.084929787234 0.0543872340426
0.243974468085 0.0849531914894 0.0547914893617
0.244087234043 0.0849765957447 0.0551957446809
0.2442 0.085 0.0556
0.241310810811 0.0774675675676 0.0552351351351
0.237521621622 0.0703351351351 0.0571702702703
0.233732432432 0.0632027027027 0.0591054054054
0.229943243243 0.0560702702703 0.0610405405405
0.226154054054 0.0489378378378 0.0629756756757
0.222364864865 0.0418054054054 0.0649108108108
0.218575675676 0.034672972973 0.0668459459459
0.214786486486 0.0275405405405 0.0687810810811
0.210997297297 0.0204081081081 0.0707162162162
0.207208108108 0.0132756756757 0.0726513513514
0.203418918919 0.00614324324324 0.0745864864865
0.19962972973 -0.000989189189189 0.0765216216216
0.195840540541 -0.00812162162162 0.0784567567568
0.192051351351 -0.0152540540541 0.0803918918919
0.188262162162 -0.0223864864865 0.082327027027
0.184472972973 -0.0295189189189 0.0842621621622
0.180683783784 -0.0366513513514 0.0861972972973
0.176894594595 -0.0437837837838 0.0881324324324
0.173105405405 -0.0509162162162 0.0900675675676
0.169316216216 -0.0580486486486 0.0920027027027
0.165527027027 -0.0651810810811 0.0939378378378
0.161737837838 -0.0723135135135 0.095872972973
0.157948648649 -0.0794459459459 0.0978081081081
0.154159459459 -0.0865783783784 0.0997432432432
0.15037027027 -0.0937108108108 0.101678378378
0.146581081081 -0.100843243243 0.103613513514
0.142791891892 -0.107975675676 0.105548648649
0.139002702703 -0.115108108108 0.107483783784
0.135213513514 -0.122240540541 0.109418918919
0.131424324324 -0.129372972973 0.111354054054
0.127635135135 -0.136505405405 0.113289189189
0.123845945946 -0.143637837838 0.115224324324
0.120056756757 -0.15077027027 0.117159459459
0.116267567568 -0.157902702703 0.119094594595
0.112478378378 -0.165035135135 0.12102972973
0.108689189189 -0.172167567568 0.122964864865
0.1049 -0.1793 0.1249
0.109448837209 -0.179560465116 0.125690697674
0.109397674419 -0.179520930233 0.125281395349
0.109346511628 -0.179481395349 0.124872093023
0.109295348837 -0.179441860465 0.124462790698
0.109244186047 -0.179402325581 0.124053488372
0.109193023256 -0.179362790698 0.123644186047
0.109141860465 -0.179323255814 0.123234883721
0.109090697674 -0.17928372093 0.122825581395
0.109039534884 -0.179244186047 0.12241627907
0.108988372093 -0.179204651163 0.122006976744
0.108937209302 -0.179165116279 0.121597674419
0.108886046512 -0.179125581395 0.121188372093
0.108834883721 -0.179086046512 0.120779069767
0.10878372093 -0.179046511628 0.120369767442
0.10873255814 -0.179006976744 0.119960465116
0.108681395349 -0.17896744186 0.119551162791
0.108630232558 -0.178927906977 0.119141860465
0.108579069767 -0.178888372093 0.11873255814
0.108527906977 -0.178848837209 0.118323255814
0.108476744186 -0.178809302326 0.117913953488
0.108425581395 -0.178769767442 0.117504651163
0.108374418605 -0.178730232558 0.117095348837
0.108323255814 -0.178690697674 0.116686046512
0.108272093023 -0.178651162791 0.116276744186
0.108220930233 -0.178611627907 0.11586744186
0.108169767442 -0.178572093023 0.115458139535
0.108118604651 -0.17853255814 0.115048837209
0.10806744186 -0.178493023256 0.114639534884
0.10801627907 -0.178453488372 0.114230232558
0.107965116279 -0.178413953488 0.113820930233
0.107913953488 -0.178374418605 0.113411627907
0.107862790698 -0.178334883721 0.113002325581
0.107811627907 -0.178295348837 0.112593023256
0.107760465116 -0.178255813953 0.11218372093
0.107709302326 -0.17821627907 0.111774418605
0.107658139535 -0.178176744186 0.111365116279
0.107606976744 -0.178137209302 0.110955813953
0.107555813953 -0.178097674419 0.110546511628
0.107504651163 -0.178058139535 0.110137209302
0.107453488372 -0.178018604651 0.109727906977
0.107402325581 -0.177979069767 0.109318604651
0.107351162791 -0.177939534884 0.108909302326
0.1073 -0.1779 0.1085
0.106811111111 -0.179108333333 0.110802777778
0.106822222222 -0.179116666667 0.111205555556
0.106833333333 -0.179125 0.111608333333
0.106844444444 -0.179133333333 0.112011111111
0.106855555556 -0.179141666667 0.112413888889
0.106866666667 -0.17915 0.112816666667
0.106877777778 -0.179158333333 0.113219444444
0.106888888889 -0.179166666667 0.113622222222
0.1069 -0.179175 0.114025
0.106911111111 -0.179183333333 0.114427777778
0.106922222222 -0.179191666667 0.114830555556
0.106933333333 -0.1792 0.115233333333
0.106944444444 -0.179208333333 0.115636111111
0.106955555556 -0.179216666667 0.116038888889
0.106966666667 -0.179225 0.116441666667
0.106977777778 -0.179233333333 0.116844444444
0.106988888889 -0.179241666667 0.117247222222
0.107 -0.17925 0.11765
0.107011111111 -0.179258333333 0.118052777778
0.107022222222 -0.179266666667 0.118455555556
0.107033333333 -0.179275 0.118858333333
0.107044444444 -0.179283333333 0.119261111111
0.107055555556 -0.179291666667 0.119663888889
0.107066666667 -0.1793 0.120066666667
0.107077777778 -0.179308333333 0.120469444444
0.107088888889 -0.179316666667 0.120872222222
0.1071 -0.179325 0.121275
0.107111111111 -0.179333333333 0.121677777778
0.107122222222 -0.179341666667 0.122080555556
0.107133333333 -0.17935 0.122483333333
0.107144444444 -0.179358333333 0.122886111111
0.107155555556 -0.179366666667 0.123288888889
0.107166666667 -0.179375 0.123691666667
0.107177777778 -0.179383333333 0.124094444444
0.107188888889 -0.179391666667 0.124497222222
0.1072 -0.1794 0.1249
0.112 -0.176360526316 0.122513157895
0.1135 -0.169321052632 0.120626315789
0.115 -0.162281578947 0.118739473684
0.1165 -0.155242105263 0.116852631579
0.118 -0.148202631579 0.114965789474
0.1195 -0.141163157895 0.113078947368
0.121 -0.134123684211 0.111192105263
0.1225 -0.127084210526 0.109305263158
0.124 -0.120044736842 0.107418421053
0.1255 -0.113005263158 0.105531578947
0.127 -0.105965789474 0.103644736842
0.1285 -0.0989263157895 0.101757894737
0.13 -0.0918868421053 0.0998710526316
0.1315 -0.0848473684211 0.0979842105263
0.133 -0.0778078947368 0.0960973684211
0.1345 -0.0707684210526 0.0942105263158
0.136 -0.0637289473684 0.0923236842105
0.1375 -0.0566894736842 0.0904368421053
0.139 -0.04965 0.08855
0.1405 -0.0426105263158 0.0866631578947
0.142 -0.0355710526316 0.0847763157895
0.1435 -0.0285315789474 0.0828894736842
0.145 -0.0214921052632 0.0810026315789
0.1465 -0.0144526315789 0.0791157894737
0.148 -0.00741315789474 0.0772289473684
0.1495 -0.000373684210526 0.0753421052632
0.151 0.00666578947368 0.0734552631579
0.1525 0.0137052631579 0.0715684210526
0.154 0.0207447368421 0.0696815789474
0.1555 0.0277842105263 0.0677947368421
0.157 0.0348236842105 0.0659078947368
0.1585 0.0418631578947 0.0640210526316
0.16 0.0489026315789 0.0621342105263
0.1615 0.0559421052632 0.0602473684211
0.163 0.0629815789474 0.0583605263158
0.1645 0.0700210526316 0.0564736842105
0.166 0.0770605263158 0.0545868421053
0.1675 0.0841 0.0527
0.170601 0.087874 0.053941
0.171002 0.087848 0.053782
0.171403 0.087822 0.053623
0.171804 0.087796 0.053464
0.172205 0.08777 0.053305
0.172606 0.087744 0.053146
0.173007 0.087718 0.052987
0.173408 0.087692 0.052828
0.173809 0.087666 0.052669
0.17421 0.08764 0.05251
0.174611 0.087614 0.052351
0.175012 0.087588 0.052192
0.175413 0.087562 0.052033
0.175814 0.087536 0.051874
0.176215 0.08751 0.051715
0.176616 0.087484 0.051556
0.177017 0.087458 0.051397
0.177418 0.087432 0.051238
0.177819 0.087406 0.051079
0.17822 0.08738 0.05092
0.178621 0.087354 0.050761
0.179022 0.087328 0.050602
0.179423 0.087302 0.050443
0.179824 0.087276 0.050284
0.180225 0.08725 0.050125
0.180626 0.087224 0.049966
0.181027 0.087198 0.049807
0.181428 0.087172 0.049648
0.181829 0.087146 0.049489
0.18223 0.08712 0.04933
0.182631 0.087094 0.049171
0.183032 0.087068 0.049012
0.183433 0.087042 0.048853
0.183834 0.087016 0.048694
0.184235 0.08699 0.048535
0.184636 0.086964 0.048376
0.185037 0.086938 0.048217
0.185438 0.086912 0.048058
0.185839 0.086886 0.047899
0.18624 0.08686 0.04774
0.186641 0.086834 0.047581
0.187042 0.086808 0.047422
0.187443 0.086782 0.047263
0.187844 0.086756 0.047104
0.188245 0.08673 0.046945
0.188646 0.086704 0.046786
0.189047 0.086678 0.046627
0.189448 0.086652 0.046468
0.189849 0.086626 0.046309
0.19025 0.0866 0.04615
0.190651 0.086574 0.045991
0.191052 0.086548 0.045832
0.191453 0.086522 0.045673
0.191854 0.086496 0.045514
0.192255 0.08647 0.045355
0.192656 0.086444 0.045196
0.193057 0.086418 0.045037
0.193458 0.086392 0.044878
0.193859 0.086366 0.044719
0.19426 0.08634 0.04456
0.194661 0.086314 0.044401
0.195062 0.086288 0.044242
0.195463 0.086262 0.044083
0.195864 0.086236 0.043924
0.196265 0.08621 0.043765
0.196666 0.086184 0.043606
0.197067 0.086158 0.043447
0.197468 0.086132 0.043288
0.197869 0.086106 0.043129
0.19827 0.08608 0.04297
0.198671 0.086054 0.042811
0.199072 0.086028 0.042652
0.199473 0.086002 0.042493
0.199874 0.085976 0.042334
0.200275 0.08595 0.042175
0.200676 0.085924 0.042016
0.201077 0.085898 0.041857
0.201478 0.085872 0.041698
0.201879 0.085846 0.041539
0.20228 0.08582 0.04138
0.202681 0.085794 0.041221
0.203082 0.085768 0.041062
0.203483 0.085742 0.040903
0.203884 0.085716 0.040744
0.204285 0.08569 0.040585
0.204686 0.085664 0.040426
0.205087 0.085638 0.040267
0.205488 0.085612 0.040108
0.205889 0.085586 0.039949
0.20629 0.08556 0.03979
0.206691 0.085534 0.039631
0.207092 0.085508 0.039472
0.207493 0.085482 0.039313
0.207894 0.085456 0.039154
0.208295 0.08543 0.038995
0.208696 0.085404 0.038836
0.209097 0.085378 0.038677
0.209498 0.085352 0.038518
0.209899 0.085326 0.038359
0.2103 0.0853 0.0382
0.214333333333 0.0847025641026 0.0407025641026
0.214366666667 0.0847051282051 0.0411051282051
0.2144 0.0847076923077 0.0415076923077
0.214433333333 0.0847102564103 0.0419102564103
0.214466666667 0.0847128205128 0.0423128205128
0.2145 0.0847153846154 0.0427153846154
0.214533333333 0.0847179487179 0.0431179487179
0.214566666667 0.0847205128205 0.0435205128205
0.2146 0.0847230769231 0.0439230769231
0.214633333333 0.0847256410256 0.0443256410256
0.214666666667 0.0847282051282 0.0447282051282
0.2147 0.0847307692308 0.0451307692308
0.214733333333 0.0847333333333 0.0455333333333
0.214766666667 0.0847358974359 0.0459358974359
0.2148 0.0847384615385 0.0463384615385
0.214833333333 0.084741025641 0.046741025641
0.214866666667 0.0847435897436 0.0471435897436
0.2149 0.0847461538462 0.0475461538462
0.214933333333 0.0847487179487 0.0479487179487
0.214966666667 0.0847512820513 0.0483512820513
0.215 0.0847538461538 0.0487538461538
0.215033333333 0.0847564102564 0.0491564102564
0.215066666667 0.084758974359 0.049558974359
0.2151 0.0847615384615 0.0499615384615
0.215133333333 0.0847641025641 0.0503641025641
0.215166666667 0.0847666666667 0.0507666666667
0.2152 0.0847692307692 0.0511692307692
0.215233333333 0.0847717948718 0.0515717948718
0.215266666667 0.0847743589744 0.0519743589744
0.2153 0.0847769230769 0.0523769230769
0.215333333333 0.0847794871795 0.0527794871795
0.215366666667 0.0847820512821 0.0531820512821
0.2154 0.0847846153846 0.0535846153846
0.215433333333 0.0847871794872 0.0539871794872
0.215466666667 0.0847897435897 0.0543897435897
0.2155 0.0847923076923 0.0547923076923
0.215533333333 0.0847948717949 0.0551948717949
0.215566666667 0.0847974358974 0.0555974358974
0.2156 0.0848 0.056
0.207564864865 0.0763648648649 0.0522405405405
0.20472972973 0.0692297297297 0.0532810810811
0.201894594595 0.0620945945946 0.0543216216216
0.199059459459 0.0549594594595 0.0553621621622
0.196224324324 0.0478243243243 0.0564027027027
0.193389189189 0.0406891891892 0.0574432432432
0.190554054054 0.0335540540541 0.0584837837838
0.187718918919 0.0264189189189 0.0595243243243
0.184883783784 0.0192837837838 0.0605648648649
0.182048648649 0.0121486486486 0.0616054054054
0.179213513514 0.00501351351351 0.0626459459459
0.176378378378 -0.00212162162162 0.0636864864865
0.173543243243 -0.00925675675676 0.064727027027
0.170708108108 -0.0163918918919 0.0657675675676
0.167872972973 -0.023527027027 0.0668081081081
0.165037837838 -0.0306621621622 0.0678486486486
0.162202702703 -0.0377972972973 0.0688891891892
0.159367567568 -0.0449324324324 0.0699297297297
0.156532432432 -0.0520675675676 0.0709702702703
0.153697297297 -0.0592027027027 0.0720108108108
0.150862162162 -0.0663378378378 0.0730513513514
0.148027027027 -0.073472972973 0.0740918918919
0.145191891892 -0.0806081081081 0.0751324324324
0.142356756757 -0.0877432432432 0.076172972973
0.139521621622 -0.0948783783784 0.0772135135135
0.136686486486 -0.102013513514 0.0782540540541
0.133851351351 -0.109148648649 0.0792945945946
0.131016216216 -0.116283783784 0.0803351351351
0.128181081081 -0.123418918919 0.0813756756757
0.125345945946 -0.130554054054 0.0824162162162
0.122510810811 -0.137689189189 0.0834567567568
0.119675675676 -0.144824324324 0.0844972972973
0.116840540541 -0.151959459459 0.0855378378378
0.114005405405 -0.159094594595 0.0865783783784
0.11117027027 -0.16622972973 0.0876189189189
0.108335135135 -0.173364864865 0.0886594594595
0.1055 -0.1805 0.0897
0.106708108108 -0.186427027027 0.0914972972973
0.106816216216 -0.186254054054 0.0910945945946
0.106924324324 -0.186081081081 0.0906918918919
0.107032432432 -0.185908108108 0.0902891891892
0.107140540541 -0.185735135135 0.0898864864865
0.107248648649 -0.185562162162 0.0894837837838
0.107356756757 -0.185389189189 0.0890810810811
0.107464864865 -0.185216216216 0.0886783783784
0.107572972973 -0.185043243243 0.0882756756757
0.107681081081 -0.18487027027 0.087872972973
0.107789189189 -0.184697297297 0.0874702702703
0.107897297297 -0.184524324324 0.0870675675676
0.108005405405 -0.184351351351 0.0866648648649
0.108113513514 -0.184178378378 0.0862621621622
0.108221621622 -0.184005405405 0.0858594594595
0.10832972973 -0.183832432432 0.0854567567568
0.108437837838 -0.183659459459 0.0850540540541
0.108545945946 -0.183486486486 0.0846513513514
0.108654054054 -0.183313513514 0.0842486486486
0.108762162162 -0.183140540541 0.0838459459459
0.10887027027 -0.182967567568 0.0834432432432
0.108978378378 -0.182794594595 0.0830405405405
0.109086486486 -0.182621621622 0.0826378378378
0.109194594595 -0.182448648649 0.0822351351351
0.109302702703 -0.182275675676 0.0818324324324
0.109410810811 -0.182102702703 0.0814297297297
0.109518918919 -0.18192972973 0.081027027027
0.109627027027 -0.181756756757 0.0806243243243
0.109735135135 -0.181583783784 0.0802216216216
0.109843243243 -0.181410810811 0.0798189189189
0.109951351351 -0.181237837838 0.0794162162162
0.110059459459 -0.181064864865 0.0790135135135
0.110167567568 -0.180891891892 0.0786108108108
0.110275675676 -0.180718918919 0.0782081081081
0.110383783784 -0.180545945946 0.0778054054054
0.110491891892 -0.180372972973 0.0774027027027
0.1106 -0.1802 0.077
0.106742105263 -0.175915789474 0.0740026315789
0.106784210526 -0.176031578947 0.0744052631579
0.106826315789 -0.176147368421 0.0748078947368
0.106868421053 -0.176263157895 0.0752105263158
0.106910526316 -0.176378947368 0.0756131578947
0.106952631579 -0.176494736842 0.0760157894737
0.106994736842 -0.176610526316 0.0764184210526
0.107036842105 -0.176726315789 0.0768210526316
0.107078947368 -0.176842105263 0.0772236842105
0.107121052632 -0.176957894737 0.0776263157895
0.107163157895 -0.177073684211 0.0780289473684
0.107205263158 -0.177189473684 0.0784315789474
0.107247368421 -0.177305263158 0.0788342105263
0.107289473684 -0.177421052632 0.0792368421053
0.107331578947 -0.177536842105 0.0796394736842
0.107373684211 -0.177652631579 0.0800421052632
0.107415789474 -0.177768421053 0.0804447368421
0.107457894737 -0.177884210526 0.0808473684211
0.1075 -0.178 0.08125
0.107542105263 -0.178115789474 0.0816526315789
0.107584210526 -0.178231578947 0.0820552631579
0.107626315789 -0.178347368421 0.0824578947368
0.107668421053 -0.178463157895 0.0828605263158
0.107710526316 -0.178578947368 0.0832631578947
0.107752631579 -0.178694736842 0.0836657894737
0.107794736842 -0.178810526316 0.0840684210526
0.107836842105 -0.178926315789 0.0844710526316
0.107878947368 -0.179042105263 0.0848736842105
0.107921052632 -0.179157894737 0.0852763157895
0.107963157895 -0.179273684211 0.0856789473684
0.108005263158 -0.179389473684 0.0860815789474
0.108047368421 -0.179505263158 0.0864842105263
0.108089473684 -0.179621052632 0.0868868421053
0.108131578947 -0.179736842105 0.0872894736842
0.108173684211 -0.179852631579 0.0876921052632
0.108215789474 -0.179968421053 0.0880947368421
0.108257894737 -0.180084210526 0.0884973684211
0.1083 -0.1802 0.0889
0.111817857143 -0.172146428571 0.0882642857143
0.116735714286 -0.165092857143 0.0868285714286
0.121653571429 -0.158039285714 0.0853928571429
0.126571428571 -0.150985714286 0.0839571428571
0.131489285714 -0.143932142857 0.0825214285714
0.136407142857 -0.136878571429 0.0810857142857
0.141325 -0.129825 0.07965
0.146242857143 -0.122771428571 0.0782142857143
0.151160714286 -0.115717857143 0.0767785714286
0.156078571429 -0.108664285714 0.0753428571429
0.160996428571 -0.101610714286 0.0739071428571
0.165914285714 -0.0945571428571 0.0724714285714
0.170832142857 -0.0875035714286 0.0710357142857
0.17575 -0.08045 0.0696
0.180667857143 -0.0733964285714 0.0681642857143
0.185585714286 -0.0663428571429 0.0667285714286
0.190503571429 -0.0592892857143 0.0652928571429
0.195421428571 -0.0522357142857 0.0638571428571
0.200339285714 -0.0451821428571 0.0624214285714
0.205257142857 -0.0381285714286 0.0609857142857
0.210175 -0.031075 0.05955
0.215092857143 -0.0240214285714 0.0581142857143
0.220010714286 -0.0169678571429 0.0566785714286
0.224928571429 -0.00991428571429 0.0552428571429
0.229846428571 -0.00286071428571 0.0538071428571
0.234764285714 0.00419285714286 0.0523714285714
0.239682142857 0.0112464285714 0.0509357142857
0.2446 0.0183 0.0495
0.243960952381 0.011300952381 0.0544876190476
0.244021904762 0.0117019047619 0.0543752380952
0.244082857143 0.0121028571429 0.0542628571429
0.244143809524 0.0125038095238 0.0541504761905
0.244204761905 0.0129047619048 0.0540380952381
0.244265714286 0.0133057142857 0.0539257142857
0.244326666667 0.0137066666667 0.0538133333333
0.244387619048 0.0141076190476 0.053700952381
0.244448571429 0.0145085714286 0.0535885714286
0.24450952381 0.0149095238095 0.0534761904762
0.24457047619 0.0153104761905 0.0533638095238
0.244631428571 0.0157114285714 0.0532514285714
0.244692380952 0.0161123809524 0.053139047619
0.244753333333 0.0165133333333 0.0530266666667
0.244814285714 0.0169142857143 0.0529142857143
0.244875238095 0.0173152380952 0.0528019047619
0.244936190476 0.0177161904762 0.0526895238095
0.244997142857 0.0181171428571 0.0525771428571
0.245058095238 0.0185180952381 0.0524647619048
0.245119047619 0.018919047619 0.0523523809524
0.24518 0.01932 0.05224
0.245240952381 0.019720952381 0.0521276190476
0.245301904762 0.0201219047619 0.0520152380952
0.245362857143 0.0205228571429 0.0519028571429
0.245423809524 0.0209238095238 0.0517904761905
0.245484761905 0.0213247619048 0.0516780952381
0.245545714286 0.0217257142857 0.0515657142857
0.245606666667 0.0221266666667 0.0514533333333
0.245667619048 0.0225276190476 0.051340952381
0.245728571429 0.0229285714286 0.0512285714286
0.24578952381 0.0233295238095 0.0511161904762
0.24585047619 0.0237304761905 0.0510038095238
0.245911428571 0.0241314285714 0.0508914285714
0.245972380952 0.0245323809524 0.050779047619
0.246033333333 0.0249333333333 0.0506666666667
0.246094285714 0.0253342857143 0.0505542857143
0.246155238095 0.0257352380952 0.0504419047619
0.246216190476 0.0261361904762 0.0503295238095
0.246277142857 0.0265371428571 0.0502171428571
0.246338095238 0.0269380952381 0.0501047619048
0.246399047619 0.027339047619 0.0499923809524
0.24646 0.02774 0.04988
0.246520952381 0.028140952381 0.0497676190476
0.246581904762 0.0285419047619 0.0496552380952
0.246642857143 0.0289428571429 0.0495428571429
0.246703809524 0.0293438095238 0.0494304761905
0.246764761905 0.0297447619048 0.0493180952381
0.246825714286 0.0301457142857 0.0492057142857
0.246886666667 0.0305466666667 0.0490933333333
0.246947619048 0.0309476190476 0.048980952381
0.247008571429 0.0313485714286 0.0488685714286
0.24706952381 0.0317495238095 0.0487561904762
0.24713047619 0.0321504761905 0.0486438095238
0.247191428571 0.0325514285714 0.0485314285714
0.247252380952 0.0329523809524 0.048419047619
0.247313333333 0.0333533333333 0.0483066666667
0.247374285714 0.0337542857143 0.0481942857143
0.247435238095 0.0341552380952 0.0480819047619
0.247496190476 0.0345561904762 0.0479695238095
0.247557142857 0.0349571428571 0.0478571428571
0.247618095238 0.0353580952381 0.0477447619048
0.247679047619 0.035759047619 0.0476323809524
0.24774 0.03616 0.04752
0.247800952381 0.036560952381 0.0474076190476
0.247861904762 0.0369619047619 0.0472952380952
0.247922857143 0.0373628571429 0.0471828571429
0.247983809524 0.0377638095238 0.0470704761905
0.248044761905 0.0381647619048 0.0469580952381
0.248105714286 0.0385657142857 0.0468457142857
0.248166666667 0.0389666666667 0.0467333333333
0.248227619048 0.0393676190476 0.046620952381
0.248288571429 0.0397685714286 0.0465085714286
0.24834952381 0.0401695238095 0.0463961904762
0.24841047619 0.0405704761905 0.0462838095238
0.248471428571 0.0409714285714 0.0461714285714
0.248532380952 0.0413723809524 0.046059047619
0.248593333333 0.0417733333333 0.0459466666667
0.248654285714 0.0421742857143 0.0458342857143
0.248715238095 0.0425752380952 0.0457219047619
0.248776190476 0.0429761904762 0.0456095238095
0.248837142857 0.0433771428571 0.0454971428571
0.248898095238 0.0437780952381 0.0453847619048
0.248959047619 0.044179047619 0.0452723809524
0.24902 0.04458 0.04516
0.249080952381 0.044980952381 0.0450476190476
0.249141904762 0.0453819047619 0.0449352380952
0.249202857143 0.0457828571429 0.0448228571429
0.249263809524 0.0461838095238 0.0447104761905
0.249324761905 0.0465847619048 0.0445980952381
0.249385714286 0.0469857142857 0.0444857142857
0.249446666667 0.0473866666667 0.0443733333333
0.249507619048 0.0477876190476 0.044260952381
0.249568571429 0.0481885714286 0.0441485714286
0.24962952381 0.0485895238095 0.0440361904762
0.24969047619 0.0489904761905 0.0439238095238
0.249751428571 0.0493914285714 0.0438114285714
0.249812380952 0.0497923809524 0.043699047619
0.249873333333 0.0501933333333 0.0435866666667
0.249934285714 0.0505942857143 0.0434742857143
0.249995238095 0.0509952380952 0.0433619047619
0.250056190476 0.0513961904762 0.0432495238095
0.250117142857 0.0517971428571 0.0431371428571
0.250178095238 0.0521980952381 0.0430247619048
0.250239047619 0.052599047619 0.0429123809524
0.2503 0.053 0.0428
0.250212121212 0.0569 0.043103030303
0.250024242424 0.0567 0.0435060606061
0.249836363636 0.0565 0.0439090909091
0.249648484848 0.0563 0.0443121212121
0.249460606061 0.0561 0.0447151515152
0.249272727273 0.0559 0.0451181818182
0.249084848485 0.0557 0.0455212121212
0.248896969697 0.0555 0.0459242424242
0.248709090909 0.0553 0.0463272727273
0.248521212121 0.0551 0.0467303030303
0.248333333333 0.0549 0.0471333333333
0.248145454545 0.0547 0.0475363636364
0.247957575758 0.0545 0.0479393939394
0.24776969697 0.0543 0.0483424242424
0.247581818182 0.0541 0.0487454545455
0.247393939394 0.0539 0.0491484848485
0.247206060606 0.0537 0.0495515151515
0.247018181818 0.0535 0.0499545454545
0.24683030303 0.0533 0.0503575757576
0.246642424242 0.0531 0.0507606060606
0.246454545455 0.0529 0.0511636363636
0.246266666667 0.0527 0.0515666666667
0.246078787879 0.0525 0.0519696969697
0.245890909091 0.0523 0.0523727272727
0.245703030303 0.0521 0.0527757575758
0.245515151515 0.0519 0.0531787878788
0.245327272727 0.0517 0.0535818181818
0.245139393939 0.0515 0.0539848484848
0.244951515152 0.0513 0.0543878787879
0.244763636364 0.0511 0.0547909090909
0.244575757576 0.0509 0.0551939393939
0.244387878788 0.0507 0.055596969697
0.2442 0.0505 0.056
0.23878125 0.04510625 0.05195625
0.2343625 0.0380125 0.0519125
0.22994375 0.03091875 0.05186875
0.225525 0.023825 0.051825
0.22110625 0.01673125 0.05178125
0.2166875 0.0096375 0.0517375
0.21226875 0.00254375 0.05169375
0.20785 -0.00455 0.05165
0.20343125 -0.01164375 0.05160625
0.1990125 -0.0187375 0.0515625
0.19459375 -0.02583125 0.05151875
0.190175 -0.032925 0.051475
0.18575625 -0.04001875 0.05143125
0.1813375 -0.0471125 0.0513875
0.17691875 -0.05420625 0.05134375
0.1725 -0.0613 0.0513
0.16808125 -0.06839375 0.05125625
0.1636625 -0.0754875 0.0512125
0.15924375 -0.08258125 0.05116875
0.154825 -0.089675 0.051125
0.15040625 -0.09676875 0.05108125
0.1459875 -0.1038625 0.0510375
0.14156875 -0.11095625 0.05099375
0.13715 -0.11805 0.05095
0.13273125 -0.12514375 0.05090625
0.1283125 -0.1322375 0.0508625
0.12389375 -0.13933125 0.05081875
0.119475 -0.146425 0.050775
0.11505625 -0.15351875 0.05073125
0.1106375 -0.1606125 0.0506875
0.10621875 -0.16770625 0.05064375
0.1018 -0.1748 0.0506
0.1086625 -0.183883333333 0.0591958333333
0.108625 -0.183766666667 0.0587916666667
0.1085875 -0.18365 0.0583875
0.10855 -0.183533333333 0.0579833333333
0.1085125 -0.183416666667 0.0575791666667
0.108475 -0.1833 0.057175
0.1084375 -0.183183333333 0.0567708333333
0.1084 -0.183066666667 0.0563666666667
0.1083625 -0.18295 0.0559625
0.108325 -0.182833333333 0.0555583333333
0.1082875 -0.182716666667 0.0551541666667
0.10825 -0.1826 0.05475
0.1082125 -0.182483333333 0.0543458333333
0.108175 -0.182366666667 0.0539416666667
0.1081375 -0.18225 0.0535375
0.1081 -0.182133333333 0.0531333333333
0.1080625 -0.182016666667 0.0527291666667
0.108025 -0.1819 0.052325
0.1079875 -0.181783333333 0.0519208333333
0.10795 -0.181666666667 0.0515166666667
0.1079125 -0.18155 0.0511125
0.107875 -0.181433333333 0.0507083333333
0.1078375 -0.181316666667 0.0503041666667
0.1078 -0.1812 0.0499
0.1077625 -0.181083333333 0.0494958333333
0.107725 -0.180966666667 0.0490916666667
0.1076875 -0.18085 0.0486875
0.10765 -0.180733333333 0.0482833333333
0.1076125 -0.180616666667 0.0478791666667
0.107575 -0.1805 0.047475
0.1075375 -0.180383333333 0.0470708333333
0.1075 -0.180266666667 0.0466666666667
0.1074625 -0.18015 0.0462625
0.107425 -0.180033333333 0.0458583333333
0.1073875 -0.179916666667 0.0454541666667
0.10735 -0.1798 0.04505
0.1073125 -0.179683333333 0.0446458333333
0.107275 -0.179566666667 0.0442416666667
0.1072375 -0.17945 0.0438375
0.1072 -0.179333333333 0.0434333333333
0.1071625 -0.179216666667 0.0430291666667
0.107125 -0.1791 0.042625
0.1070875 -0.178983333333 0.0422208333333
0.10705 -0.178866666667 0.0418166666667
0.1070125 -0.17875 0.0414125
0.106975 -0.178633333333 0.0410083333333
0.1069375 -0.178516666667 0.0406041666667
0.1069 -0.1784 0.0402
0.106095121951 -0.182431707317 0.0397024390244
0.106190243902 -0.182463414634 0.0401048780488
0.106285365854 -0.182495121951 0.0405073170732
0.106380487805 -0.182526829268 0.0409097560976
0.106475609756 -0.182558536585 0.041312195122
0.106570731707 -0.182590243902 0.0417146341463
0.106665853659 -0.18262195122 0.0421170731707
0.10676097561 -0.182653658537 0.0425195121951
0.106856097561 -0.182685365854 0.0429219512195
0.106951219512 -0.182717073171 0.0433243902439
0.107046341463 -0.182748780488 0.0437268292683
0.107141463415 -0.182780487805 0.0441292682927
0.107236585366 -0.182812195122 0.0445317073171
0.107331707317 -0.182843902439 0.0449341463415
0.107426829268 -0.182875609756 0.0453365853659
0.10752195122 -0.182907317073 0.0457390243902
0.107617073171 -0.18293902439 0.0461414634146
0.107712195122 -0.182970731707 0.046543902439
0.107807317073 -0.183002439024 0.0469463414634
0.107902439024 -0.183034146341 0.0473487804878
0.107997560976 -0.183065853659 0.0477512195122
0.108092682927 -0.183097560976 0.0481536585366
0.108187804878 -0.183129268293 0.048556097561
0.108282926829 -0.18316097561 0.0489585365854
0.10837804878 -0.183192682927 0.0493609756098
0.108473170732 -0.183224390244 0.0497634146341
0.108568292683 -0.183256097561 0.0501658536585
0.108663414634 -0.183287804878 0.0505682926829
0.108758536585 -0.183319512195 0.0509707317073
0.108853658537 -0.183351219512 0.0513731707317
0.108948780488 -0.183382926829 0.0517756097561
0.109043902439 -0.183414634146 0.0521780487805
0.10913902439 -0.183446341463 0.0525804878049
0.109234146341 -0.18347804878 0.0529829268293
0.109329268293 -0.183509756098 0.0533853658537
0.109424390244 -0.183541463415 0.053787804878
0.109519512195 -0.183573170732 0.0541902439024
0.109614634146 -0.183604878049 0.0545926829268
0.109709756098 -0.183636585366 0.0549951219512
0.109804878049 -0.183668292683 0.0553975609756
0.1099 -0.1837 0.0558
0.1085 -0.170907692308 0.0542230769231
0.111 -0.163815384615 0.0542461538462
0.1135 -0.156723076923 0.0542692307692
0.116 -0.149630769231 0.0542923076923
0.1185 -0.142538461538 0.0543153846154
0.121 -0.135446153846 0.0543384615385
0.1235 -0.128353846154 0.0543615384615
0.126 -0.121261538462 0.0543846153846
0.1285 -0.114169230769 0.0544076923077
0.131 -0.107076923077 0.0544307692308
0.1335 -0.0999846153846 0.0544538461538
0.136 -0.0928923076923 0.0544769230769
0.1385 -0.0858 0.0545
0.141 -0.0787076923077 0.0545230769231
0.1435 -0.0716153846154 0.0545461538462
0.146 -0.0645230769231 0.0545692307692
0.1485 -0.0574307692308 0.0545923076923
0.151 -0.0503384615385 0.0546153846154
0.1535 -0.0432461538462 0.0546384615385
0.156 -0.0361538461538 0.0546615384615
0.1585 -0.0290615384615 0.0546846153846
0.161 -0.0219692307692 0.0547076923077
0.1635 -0.0148769230769 0.0547307692308
0.166 -0.00778461538462 0.0547538461538
0.1685 -0.000692307692308 0.0547769230769
0.171 0.0064 0.0548
0.16648 0.011702 0.051369
0.16686 0.012104 0.051238
0.16724 0.012506 0.051107
0.16762 0.012908 0.050976
0.168 0.01331 0.050845
0.16838 0.013712 0.050714
0.16876 0.014114 0.050583
0.16914 0.014516 0.050452
0.16952 0.014918 0.050321
0.1699 0.01532 0.05019
0.17028 0.015722 0.050059
0.17066 0.016124 0.049928
0.17104 0.016526 0.049797
0.17142 0.016928 0.049666
0.1718 0.01733 0.049535
0.17218 0.017732 0.049404
0.17256 0.018134 0.049273
0.17294 0.018536 0.049142
0.17332 0.018938 0.049011
0.1737 0.01934 0.04888
0.17408 0.019742 0.048749
0.17446 0.020144 0.048618
0.17484 0.020546 0.048487
0.17522 0.020948 0.048356
0.1756 0.02135 0.048225
0.17598 0.021752 0.048094
0.17636 0.022154 0.047963
0.17674 0.022556 0.047832
0.17712 0.022958 0.047701
0.1775 0.02336 0.04757
0.17788 0.023762 0.047439
0.17826 0.024164 0.047308
0.17864 0.024566 0.047177
0.17902 0.024968 0.047046
0.1794 0.02537 0.046915
0.17978 0.025772 0.046784
0.18016 0.026174 0.046653
0.18054 0.026576 0.046522
0.18092 0.026978 0.046391
0.1813 0.02738 0.04626
0.18168 0.027782 0.046129
0.18206 0.028184 0.045998
0.18244 0.028586 0.045867
0.18282 0.028988 0.045736
0.1832 0.02939 0.045605
0.18358 0.029792 0.045474
0.18396 0.030194 0.045343
0.18434 0.030596 0.045212
0.18472 0.030998 0.045081
0.1851 0.0314 0.04495
0.18548 0.031802 0.044819
0.18586 0.032204 0.044688
0.18624 0.032606 0.044557
0.18662 0.033008 0.044426
0.187 0.03341 0.044295
0.18738 0.033812 0.044164
0.18776 0.034214 0.044033
0.18814 0.034616 0.043902
0.18852 0.035018 0.043771
0.1889 0.03542 0.04364
0.18928 0.035822 0.043509
0.18966 0.036224 0.043378
0.19004 0.036626 0.043247
0.19042 0.037028 0.043116
0.1908 0.03743 0.042985
0.19118 0.037832 0.042854
0.19156 0.038234 0.042723
0.19194 0.038636 0.042592
0.19232 0.039038 0.042461
0.1927 0.03944 0.04233
0.19308 0.039842 0.042199
0.19346 0.040244 0.042068
0.19384 0.040646 0.041937
0.19422 0.041048 0.041806
0.1946 0.04145 0.041675
0.19498 0.041852 0.041544
0.19536 0.042254 0.041413
0.19574 0.042656 0.041282
0.19612 0.043058 0.041151
0.1965 0.04346 0.04102
0.19688 0.043862 0.040889
0.19726 0.044264 0.040758
0.19764 0.044666 0.040627
0.19802 0.045068 0.040496
0.1984 0.04547 0.040365
0.19878 0.045872 0.040234
0.19916 0.046274 0.040103
0.19954 0.046676 0.039972
0.19992 0.047078 0.039841
0.2003 0.04748 0.03971
0.20068 0.047882 0.039579
0.20106 0.048284 0.039448
0.20144 0.048686 0.039317
0.20182 0.049088 0.039186
0.2022 0.04949 0.039055
0.20258 0.049892 0.038924
0.20296 0.050294 0.038793
0.20334 0.050696 0.038662
0.20372 0.051098 0.038531
0.2041 0.0515 0.0384
0.206265789474 0.0532078947368 0.0362052631579
0.206331578947 0.0531157894737 0.0366105263158
0.206397368421 0.0530236842105 0.0370157894737
0.206463157895 0.0529315789474 0.0374210526316
0.206528947368 0.0528394736842 0.0378263157895
0.206594736842 0.0527473684211 0.0382315789474
0.206660526316 0.0526552631579 0.0386368421053
0.206726315789 0.0525631578947 0.0390421052632
0.206792105263 0.0524710526316 0.0394473684211
0.206857894737 0.0523789473684 0.0398526315789
0.206923684211 0.0522868421053 0.0402578947368
0.206989473684 0.0521947368421 0.0406631578947
0.207055263158 0.0521026315789 0.0410684210526
0.207121052632 0.0520105263158 0.0414736842105
0.207186842105 0.0519184210526 0.0418789473684
0.207252631579 0.0518263157895 0.0422842105263
0.207318421053 0.0517342105263 0.0426894736842
0.207384210526 0.0516421052632 0.0430947368421
0.20745 0.05155 0.0435
0.207515789474 0.0514578947368 0.0439052631579
0.207581578947 0.0513657894737 0.0443105263158
0.207647368421 0.0512736842105 0.0447157894737
0.207713157895 0.0511815789474 0.0451210526316
0.207778947368 0.0510894736842 0.0455263157895
0.207844736842 0.0509973684211 0.0459315789474
0.207910526316 0.0509052631579 0.0463368421053
0.207976315789 0.0508131578947 0.0467421052632
0.208042105263 0.0507210526316 0.0471473684211
0.208107894737 0.0506289473684 0.0475526315789
0.208173684211 0.0505368421053 0.0479578947368
0.208239473684 0.0504447368421 0.0483631578947
0.208305263158 0.0503526315789 0.0487684210526
0.208371052632 0.0502605263158 0.0491736842105
0.208436842105 0.0501684210526 0.0495789473684
0.208502631579 0.0500763157895 0.0499842105263
0.208568421053 0.0499842105263 0.0503894736842
0.208634210526 0.0498921052632 0.0507947368421
0.2087 0.0498 0.0512
0.210685416667 0.0488375 0.0588666666667
0.211170833333 0.047775 0.0659333333333
0.21165625 0.0467125 0.073
0.212141666667 0.04565 0.0800666666667
0.212627083333 0.0445875 0.0871333333333
0.2131125 0.043525 0.0942
0.213597916667 0.0424625 0.101266666667
0.214083333333 0.0414 0.108333333333
0.21456875 0.0403375 0.1154
0.215054166667 0.039275 0.122466666667
0.215539583333 0.0382125 0.129533333333
0.216025 0.03715 0.1366
0.216510416667 0.0360875 0.143666666667
0.216995833333 0.035025 0.150733333333
0.21748125 0.0339625 0.1578
0.217966666667 0.0329 0.164866666667
0.218452083333 0.0318375 0.171933333333
0.2189375 0.030775 0.179
0.219422916667 0.0297125 0.186066666667
0.219908333333 0.02865 0.193133333333
0.22039375 0.0275875 0.2002
0.220879166667 0.026525 0.207266666667
0.221364583333 0.0254625 0.214333333333
0.22185 0.0244 0.2214
0.222335416667 0.0233375 0.228466666667
0.222820833333 0.022275 0.235533333333
0.22330625 0.0212125 0.2426
0.223791666667 0.02015 0.249666666667
0.224277083333 0.0190875 0.256733333333
0.2247625 0.018025 0.2638
0.225247916667 0.0169625 0.270866666667
0.225733333333 0.0159 0.277933333333
0.22621875 0.0148375 0.285
0.226704166667 0.013775 0.292066666667
0.227189583333 0.0127125 0.299133333333
0.227675 0.01165 0.3062
0.228160416667 0.0105875 0.313266666667
0.228645833333 0.009525 0.320333333333
0.22913125 0.0084625 0.3274
0.229616666667 0.0074 0.334466666667
0.230102083333 0.0063375 0.341533333333
0.2305875 0.005275 0.3486
0.231072916667 0.0042125 0.355666666667
0.231558333333 0.00315 0.362733333333
0.23204375 0.0020875 0.3698
0.232529166667 0.001025 0.376866666667
0.233014583333 -3.75e-05 0.383933333333
0.2335 -0.0011 0.391
