476,810
476,811
476,812
476,813
476,814
476,815
476,816
476,817
476,817
475,817
474,817
473,817
472,817
471,817
470,817
469,817
468,817
467,817
466,817
465,817
464,817
463,817
462,817
461,817
460,817
459,817
458,817
457,817
456,817
455,817
454,817
453,817
452,816
451,816
450,816
449,816
448,816
447,816
446,816
445,816
444,816
443,816
442,816
441,816
440,816
439,815
438,814
437,813
436,813
435,813
434,813
433,813
432,813
431,813
430,813
429,813
428,813
427,813
426,813
425,813
424,813
423,813
422,813
421,813
420,813
419,812
418,812
417,812
416,812
415,812
414,812
413,812
412,812
411,812
410,812
409,812
408,812
407,812
406,812
405,812
404,812
403,811
402,811
401,811
400,811
399,811
398,811
397,811
396,811
395,811
394,811
393,811
392,811
391,811
390,811
389,811
388,811
387,810
386,810
385,810
384,810
383,810
382,810
381,810
380,810
379,810
378,810
377,810
376,810
375,810
374,810
373,810
372,809
371,809
370,809
369,809
368,809
367,809
366,809
365,809
364,809
363,809
362,809
361,809
360,809
359,809
358,809
357,809
356,808
355,807
354,807
353,807
352,807
351,807
350,807
349,807
348,807
347,807
346,807
345,807
344,807
343,807
342,807
341,807
340,806
339,806
338,806
337,806
336,806
335,806
334,806
333,806
332,806
331,806
330,806
329,806
328,806
327,806
326,806
325,806
324,805
323,805
322,805
321,805
320,805
319,805
318,805
317,805
316,805
315,805
314,805
313,805
312,805
311,805
310,805
309,805
308,804
307,803
306,803
305,803
304,803
303,803
302,803
301,803
300,803
299,803
298,803
297,803
296,803
295,803
294,803
293,803
292,803
291,802
290,802
289,802
288,802
287,802
286,802
285,802
284,802
283,802
282,802
281,802
280,802
279,802
278,802
277,802
276,802
275,801
274,801
273,801
272,801
271,801
270,801
269,801
268,801
267,801
266,801
265,801
264,801
263,801
262,801
261,800
260,799
259,799
258,799
257,799
256,799
255,799
254,799
253,799
252,799
251,799
250,799
249,799
248,799
247,799
246,799
245,799
244,798
243,798
242,798
241,798
240,798
239,798
238,798
237,798
236,798
235,798
234,797
233,797
232,797
231,797
230,797
229,797
228,797
227,796
226,796
225,796
224,796
223,796
222,796
221,796
220,796
219,795
218,795
217,795
216,795
215,795
214,794
213,794
212,794
211,794
210,794
209,794
208,794
207,794
206,794
205,793
204,792
203,792
202,792
201,791
200,791
199,790
198,790
197,789
196,788
195,787
139,530
140,530
141,530
142,530
143,530
144,530
145,530
146,530
147,530
148,530
149,530
150,530
151,530
152,530
153,530
154,530
155,530
156,530
157,530
158,530
159,530
160,530
161,530
162,530
163,530
164,530
165,530
166,531
167,531
168,531
169,531
170,531
171,531
172,531
173,531
174,531
175,531
176,531
177,531
178,531
179,531
180,531
181,531
182,531
183,531
184,531
185,531
186,531
187,531
188,532
189,532
190,532
191,533
201,533
201,534
201,535
201,536
201,537
201,538
201,539
201,540
201,541
201,542
201,543
201,544
201,545
201,546
201,547
201,548
201,549
201,550
201,551
201,552
201,553
201,554
201,555
201,556
201,557
201,533
202,533
203,533
204,533
205,533
206,533
195,533
196,533
197,533
198,533
199,533
200,533
201,533
201,557
200,557
199,557
198,557
197,557
196,557
195,557
201,557
201,558
201,559
201,560
201,561
201,562
201,563
200,564
200,565
200,566
199,567
195,557
194,557
193,557
192,557
191,557
195,557
195,556
195,555
195,554
195,553
195,552
195,551
195,550
195,549
195,548
195,547
195,546
195,545
195,544
195,543
195,542
195,541
195,540
195,539
195,538
195,537
195,536
195,535
195,534
195,533
191,557
190,557
189,557
188,557
187,557
186,557
185,557
184,557
183,557
182,557
181,557
180,557
179,557
178,557
177,557
176,557
175,557
174,557
173,557
172,557
171,557
170,557
169,557
168,557
167,557
166,557
165,557
164,557
163,557
162,557
161,557
160,557
159,557
158,557
157,557
156,557
155,557
154,557
153,557
152,557
151,557
150,557
149,557
148,557
147,557
146,557
145,557
144,557
143,557
142,556
141,556
140,556
139,556
138,556
137,556
136,555
191,533
192,533
193,533
194,533
195,533
193,567
193,566
193,565
193,564
193,563
193,562
193,561
192,560
192,559
192,558
191,557
193,567
193,566
193,565
194,564
194,563
194,562
194,561
194,560
194,559
194,558
195,557
193,567
194,566
195,565
196,565
197,565
198,566
199,567
199,567
199,568
199,569
199,570
199,571
199,572
199,573
199,574
199,575
199,576
199,577
199,578
198,579
198,580
198,581
198,582
198,583
198,584
198,585
198,586
198,587
198,588
198,589
198,590
198,591
197,592
197,593
197,594
197,595
197,596
197,597
197,598
197,599
197,600
197,601
197,602
197,603
197,604
197,605
196,606
196,607
196,608
196,609
196,610
196,611
196,612
196,613
196,614
196,615
196,616
196,617
196,618
195,619
194,620
194,621
194,622
194,623
194,624
194,625
194,626
194,627
194,628
194,629
194,630
194,631
194,632
194,633
193,634
193,635
193,636
193,637
193,638
193,639
193,640
193,641
193,642
193,643
193,644
193,645
193,646
193,647
192,648
192,649
192,650
192,651
192,652
192,653
192,654
192,655
192,656
192,657
192,658
192,659
192,660
191,661
190,662
190,663
190,664
190,665
190,666
190,667
190,668
190,669
190,670
190,671
190,672
190,673
190,674
189,675
189,676
189,677
189,678
189,679
189,680
189,681
189,682
189,683
189,684
189,685
189,686
189,687
188,688
188,689
187,690
187,691
187,692
187,693
187,694
187,695
187,696
187,697
187,698
187,699
187,700
187,701
187,702
187,703
187,704
187,705
187,706
187,707
187,708
187,709
187,710
187,711
188,712
189,713
190,713
191,714
192,714
193,715
194,716
195,717
196,718
196,719
196,720
196,721
196,722
196,723
196,724
196,725
196,726
196,727
196,728
196,729
196,730
196,731
196,732
196,733
196,734
196,735
196,736
196,737
196,738
196,739
196,740
196,741
196,742
196,743
196,744
196,745
196,746
196,747
196,748
196,749
196,750
196,751
196,752
196,753
196,754
196,755
196,756
196,757
196,758
196,759
196,760
196,761
196,762
196,763
196,764
196,765
196,766
196,767
196,768
196,769
196,770
196,771
196,772
196,773
196,774
196,775
196,776
196,777
197,778
197,779
198,780
199,781
200,782
206,533
207,533
208,533
209,534
210,534
211,534
212,534
213,534
214,534
215,534
216,534
217,534
218,534
219,534
220,534
221,534
222,534
223,534
224,534
225,534
226,534
227,534
228,534
229,534
230,534
231,534
232,534
233,534
234,534
235,534
236,535
237,535
238,535
239,535
240,535
241,535
242,535
243,535
244,535
245,535
246,535
247,535
248,535
249,535
250,535
251,535
252,535
253,535
254,535
255,535
256,536
257,536
258,536
259,536
260,536
261,536
262,536
263,536
264,536
265,536
266,536
267,536
268,536
269,536
270,536
271,536
272,536
273,536
274,537
275,537
276,537
277,537
278,537
279,537
280,537
281,537
282,537
283,537
284,537
285,537
286,537
287,537
288,537
289,537
290,537
291,538
292,539
293,539
294,539
295,539
296,539
297,539
298,539
299,539
300,539
301,539
302,539
303,539
304,539
305,539
306,539
307,539
308,539
309,540
310,540
311,540
312,540
313,540
314,540
315,540
316,540
317,540
318,540
319,540
320,540
321,540
322,540
323,540
324,540
325,540
326,541
327,541
328,541
329,541
330,541
331,541
332,541
333,541
334,541
335,541
336,541
337,541
338,541
339,541
340,541
341,541
342,541
343,542
344,542
345,543
346,543
347,543
348,543
349,543
350,543
351,543
352,543
353,543
354,543
355,543
356,543
357,543
358,543
359,543
360,543
361,543
362,544
363,544
364,544
365,544
366,544
367,544
368,544
369,544
370,544
371,544
372,544
373,544
374,544
375,544
376,544
377,544
378,544
379,545
380,545
381,545
382,545
383,546
384,546
385,546
386,546
387,546
388,546
389,546
390,546
391,546
392,546
393,546
394,546
395,546
396,546
397,546
398,546
399,546
400,546
401,546
402,546
403,546
404,547
206,559
205,559
204,558
203,558
202,558
201,557
206,559
205,560
204,561
203,562
202,563
201,564
200,565
199,566
199,567
414,541
414,542
414,543
414,544
414,545
414,546
414,547
415,548
415,549
415,550
416,551
414,541
414,540
414,539
414,538
414,537
414,536
414,535
414,534
414,533
414,532
414,531
414,530
414,529
414,528
414,527
414,526
414,525
414,524
414,523
414,522
414,521
414,520
414,519
414,518
415,517
415,516
415,515
415,514
415,513
415,512
415,511
415,510
415,509
415,508
415,507
415,506
415,505
415,504
415,503
415,502
415,501
415,500
415,499
416,498
416,497
416,496
416,495
416,494
416,493
416,492
416,491
416,490
416,489
416,488
416,487
416,486
416,485
416,484
416,483
416,482
416,481
417,480
418,479
418,478
418,477
418,476
418,475
418,474
418,473
418,472
418,471
418,470
418,469
418,468
418,467
418,466
418,465
418,464
418,463
419,462
419,461
419,460
419,459
419,458
419,457
419,456
419,455
419,454
419,453
419,452
419,451
419,450
419,449
419,448
419,447
419,446
419,445
419,444
420,443
420,442
420,441
420,440
420,439
420,438
420,437
420,436
420,435
420,434
420,433
420,432
420,431
420,430
420,429
420,428
420,427
420,426
421,425
421,424
422,423
422,422
422,421
422,420
422,419
422,418
422,417
422,416
422,415
422,414
422,413
422,412
422,411
422,410
422,409
422,408
422,407
422,406
423,405
423,404
423,403
423,402
423,401
423,400
423,399
423,398
423,397
423,396
423,395
423,394
423,393
423,392
423,391
423,390
423,389
423,388
423,387
424,386
424,385
424,384
424,383
424,382
424,381
424,380
424,379
424,378
424,377
424,376
424,375
424,374
424,373
424,372
424,371
424,370
424,369
424,368
424,367
424,366
424,365
424,364
425,363
425,362
425,361
426,360
404,575
403,575
402,575
401,575
400,575
399,575
398,575
397,575
396,575
395,575
394,575
393,575
392,575
391,575
390,575
389,575
388,575
387,575
386,575
385,575
384,575
383,575
382,575
381,575
380,575
379,575
378,575
377,575
376,575
375,575
374,575
373,575
372,575
371,575
370,575
369,575
368,575
367,575
366,575
365,575
364,575
363,575
362,575
361,575
360,575
359,575
358,575
357,574
356,573
355,573
354,573
353,573
352,573
351,573
350,573
349,573
348,573
347,573
346,573
345,572
344,571
343,570
342,570
341,570
340,570
339,570
338,570
337,570
336,570
335,570
334,570
333,570
332,570
331,570
330,570
329,570
328,570
327,570
326,569
325,569
324,569
323,569
322,569
321,569
320,569
319,569
318,569
317,569
316,569
315,569
314,569
313,569
312,569
311,569
310,569
309,569
308,569
307,569
306,569
305,568
304,568
303,568
302,568
301,568
300,568
299,568
298,568
297,568
296,568
295,568
294,568
293,568
292,568
291,568
290,568
289,568
288,568
287,568
286,567
285,567
284,567
283,567
282,567
281,567
280,567
279,567
278,567
277,567
276,567
275,567
274,567
273,567
272,566
271,565
270,565
269,565
268,565
267,565
266,565
265,565
264,565
263,565
262,565
261,565
260,565
259,565
258,564
257,564
256,564
255,564
254,564
253,564
252,564
251,564
250,564
249,564
248,564
247,564
246,564
245,564
244,563
243,562
242,562
241,562
240,562
239,562
238,562
237,562
236,562
235,562
234,562
233,562
232,562
231,562
230,561
229,561
228,561
227,561
226,561
225,561
224,561
223,561
222,561
221,561
220,561
219,561
218,561
217,560
216,560
215,560
214,560
213,560
212,560
211,560
210,560
209,560
208,560
207,560
206,559
404,547
405,547
406,547
407,547
408,547
409,547
410,548
410,548
411,549
412,549
413,550
414,550
415,551
416,551
410,548
411,547
412,546
412,545
413,544
413,543
413,542
414,541
416,551
416,552
416,553
416,554
416,555
416,556
416,557
416,558
416,559
416,560
416,561
416,562
416,563
416,564
416,565
416,566
416,567
416,568
416,569
416,570
416,571
416,572
416,573
416,551
417,551
418,551
419,552
420,553
421,554
422,555
423,555
424,555
425,555
426,555
427,556
428,556
429,556
430,557
416,573
415,574
414,574
413,575
412,575
411,575
410,576
410,576
410,575
410,574
410,573
410,572
410,571
410,570
410,569
410,568
410,567
410,566
410,565
410,564
410,563
410,562
410,561
410,560
410,559
410,558
410,557
410,556
410,555
410,554
410,553
410,552
410,551
410,550
410,549
410,548
410,576
409,576
408,576
407,576
406,576
405,576
404,575
430,557
431,558
432,558
433,558
434,558
435,558
436,558
437,559
438,559
439,559
440,559
441,559
442,559
443,559
444,560
445,560
446,560
447,560
448,561
449,561
450,562
451,562
452,562
430,557
430,558
430,559
430,560
430,561
430,562
430,563
430,564
430,565
430,566
430,567
430,568
430,569
430,570
430,571
430,571
429,571
428,571
427,571
426,571
425,571
424,571
423,571
422,571
421,571
420,571
419,572
418,572
417,572
416,573
452,562
453,562
454,562
455,562
456,563
457,563
458,563
459,563
460,563
461,563
462,563
463,563
464,563
465,563
466,563
467,564
468,564
469,564
470,564
471,564
472,564
473,564
474,564
475,564
476,564
477,565
478,566
479,566
480,566
481,566
482,566
483,566
484,566
485,566
486,566
487,566
488,566
489,567
490,567
491,567
492,567
493,567
494,567
495,567
496,567
497,567
498,568
499,568
500,568
501,568
502,568
503,568
504,568
505,568
506,568
507,568
508,569
509,570
510,571
511,571
512,572
513,572
514,572
515,572
516,572
517,572
518,572
519,572
520,572
521,572
522,572
523,572
524,572
525,572
526,572
527,572
528,572
529,573
530,573
531,573
532,573
533,573
534,573
535,573
536,573
537,573
538,573
539,573
540,574
541,574
542,574
543,574
544,574
545,574
546,574
547,574
548,574
549,574
550,574
551,575
552,575
553,575
554,575
555,575
556,575
557,575
558,575
559,575
560,575
561,575
562,576
563,577
564,577
565,577
566,577
567,577
568,577
569,577
570,577
571,577
572,577
573,577
574,577
575,578
576,578
577,578
578,578
579,578
580,578
581,578
582,578
583,578
584,578
585,579
586,579
587,579
588,579
589,579
590,579
591,579
592,580
452,571
451,571
450,571
449,571
448,571
447,571
446,571
445,571
444,571
443,571
442,571
441,571
440,571
439,571
438,571
437,571
436,571
435,571
434,571
433,571
432,571
431,571
430,571
738,595
739,595
740,596
741,596
742,596
743,596
744,595
745,595
746,594
738,602
737,602
736,602
735,602
734,602
733,602
732,602
731,602
730,602
729,602
728,602
727,602
726,602
725,602
724,602
723,602
722,602
721,602
720,602
719,602
718,602
717,602
716,601
715,601
714,601
713,601
712,601
711,601
710,601
709,601
708,601
707,601
706,601
705,601
704,601
703,601
702,601
701,601
700,601
699,600
698,599
697,599
696,599
695,599
694,599
693,599
692,599
691,599
690,599
689,599
688,599
687,599
686,599
685,599
684,599
683,599
682,598
681,598
680,598
679,598
678,598
677,598
676,598
675,598
674,598
673,598
672,597
671,597
670,597
669,597
668,597
667,596
666,596
665,596
664,596
663,596
662,596
661,596
660,595
659,595
658,595
657,595
656,595
655,595
654,595
653,595
652,595
651,595
650,594
649,594
648,594
647,594
646,594
645,594
644,594
643,594
642,594
641,594
640,594
639,593
638,593
637,593
636,593
635,593
634,593
633,593
632,593
631,593
630,593
629,592
628,591
627,591
626,591
625,591
624,591
623,591
622,591
621,591
620,591
619,591
618,591
617,591
616,590
615,590
614,590
613,590
612,590
611,590
610,590
609,590
608,590
607,590
606,590
605,589
604,589
603,589
602,589
601,589
600,589
599,589
598,589
597,589
596,588
746,594
746,595
746,596
746,597
746,598
746,599
746,600
746,600
745,600
744,600
743,600
742,600
741,600
740,600
739,601
738,602
754,600
753,600
752,600
751,600
750,600
749,600
748,600
747,600
746,600
748,571
748,572
748,573
748,574
748,575
747,576
747,577
747,578
747,579
747,580
747,581
747,582
747,583
747,584
747,585
747,586
747,587
747,588
747,589
747,590
747,591
747,592
747,593
746,594
748,571
749,571
750,571
751,571
752,571
753,571
754,571
755,571
756,571
757,571
758,571
759,571
760,571
761,571
762,571
763,571
764,571
765,571
766,571
767,571
768,571
769,571
770,571
771,571
772,571
773,571
774,571
775,571
776,571
777,572
778,573
779,573
780,573
781,573
782,573
783,573
784,573
785,573
786,573
787,573
788,573
789,573
790,573
791,573
792,573
793,574
794,574
795,574
796,574
797,574
798,574
799,574
800,574
801,574
802,574
803,574
804,574
805,574
806,574
807,574
808,574
809,575
810,575
811,575
812,575
813,575
814,575
815,576
816,576
817,576
818,576
819,576
820,576
821,576
822,576
823,576
824,576
825,577
826,577
827,577
828,578
829,578
830,578
831,578
832,578
833,578
834,578
835,578
836,579
837,579
838,579
839,579
840,579
841,579
842,579
843,579
844,579
845,579
846,579
847,579
848,579
849,579
850,579
851,579
852,579
853,579
854,579
855,579
856,580
857,580
858,580
859,580
860,580
861,580
862,580
863,580
864,580
865,580
866,580
867,580
868,580
869,580
870,581
871,581
872,581
873,581
874,581
875,581
876,581
877,581
878,581
879,581
880,581
881,581
882,581
883,581
884,581
885,582
886,582
887,582
888,582
889,582
890,582
891,582
892,582
893,582
894,582
895,582
896,582
897,582
898,582
899,582
900,583
901,584
902,584
903,584
904,584
905,584
906,584
907,584
908,584
909,584
910,584
911,584
912,584
913,584
914,584
915,585
916,585
917,585
918,585
919,585
920,585
921,585
922,585
923,585
924,585
925,585
926,585
927,585
928,585
929,585
930,585
931,586
932,586
933,586
934,586
935,586
936,586
937,586
938,586
939,586
940,586
941,586
942,586
943,586
944,586
945,586
946,587
947,588
948,588
949,588
950,588
951,588
952,588
953,588
954,588
955,588
956,589
760,397
760,398
760,399
760,400
759,401
759,402
759,403
759,404
759,405
759,406
759,407
759,408
759,409
759,410
759,411
759,412
759,413
759,414
759,415
759,416
758,417
758,418
758,419
758,420
758,421
758,422
758,423
758,424
758,425
758,426
758,427
758,428
758,429
758,430
758,431
758,432
758,433
758,434
758,435
757,436
757,437
756,438
756,439
756,440
756,441
756,442
756,443
756,444
756,445
756,446
756,447
756,448
756,449
756,450
756,451
756,452
756,453
756,454
756,455
756,456
756,457
755,458
755,459
755,460
755,461
755,462
755,463
755,464
755,465
755,466
755,467
755,468
755,469
755,470
755,471
755,472
755,473
755,474
755,475
755,476
755,477
754,478
754,479
754,480
754,481
754,482
754,483
754,484
754,485
754,486
754,487
754,488
754,489
754,490
754,491
754,492
754,493
754,494
754,495
754,496
753,497
753,498
752,499
752,500
752,501
752,502
752,503
752,504
752,505
752,506
752,507
752,508
752,509
752,510
752,511
752,512
752,513
752,514
752,515
752,516
752,517
752,518
751,519
751,520
751,521
751,522
751,523
751,524
751,525
751,526
751,527
751,528
751,529
751,530
751,531
751,532
751,533
751,534
751,535
751,536
751,537
751,538
750,539
750,540
750,541
750,542
750,543
750,544
750,545
750,546
750,547
750,548
750,549
750,550
750,551
750,552
750,553
750,554
750,555
750,556
750,557
750,558
750,559
750,560
750,561
750,562
750,563
750,564
750,565
750,566
750,567
749,568
749,569
749,570
748,571
761,372
761,373
761,374
761,375
761,376
761,377
761,378
760,379
760,380
760,381
760,382
760,383
760,384
760,385
760,386
760,387
760,388
760,389
760,390
760,391
760,392
760,393
760,394
760,395
760,396
760,397
761,364
761,365
761,366
761,367
761,368
761,369
761,370
761,371
761,372
761,364
762,364
763,364
764,364
765,364
766,364
767,364
768,364
769,364
770,364
771,364
772,364
773,364
774,364
775,364
776,364
777,364
778,364
779,364
780,364
781,364
782,364
783,364
784,364
785,365
786,365
787,365
788,365
789,365
790,365
791,365
792,365
793,365
794,365
795,365
796,365
797,365
798,365
799,365
800,365
801,365
802,365
803,365
804,365
805,365
806,365
807,365
808,366
809,366
810,366
811,366
812,366
813,366
814,366
815,366
816,366
817,366
818,366
819,366
820,366
821,366
822,366
823,366
824,366
825,366
826,366
827,366
828,366
829,366
830,367
831,367
832,367
833,367
834,368
835,368
836,368
837,368
838,368
839,368
840,368
841,368
842,368
843,368
844,368
845,368
846,368
847,368
848,368
849,368
850,368
851,368
852,368
853,368
854,369
855,369
856,369
857,369
858,369
859,369
860,369
861,369
862,369
863,369
864,369
865,369
866,369
867,369
868,369
869,369
870,369
871,369
872,369
873,369
874,369
875,369
876,369
877,370
878,370
879,370
880,370
881,370
882,370
883,370
884,370
885,370
886,371
887,371
888,371
889,371
890,371
891,371
892,371
893,372
894,372
895,372
896,372
897,372
898,372
899,372
900,373
901,374
753,363
754,363
755,363
756,363
757,363
758,363
759,363
760,363
761,364
427,351
428,351
429,351
430,351
431,351
432,351
433,351
434,351
435,351
436,351
437,351
438,351
439,351
440,351
441,351
442,351
443,351
444,351
445,351
446,351
447,351
448,351
449,351
450,352
451,353
452,353
453,353
454,353
455,353
456,353
457,353
458,353
459,353
460,353
461,353
462,353
463,353
464,353
465,353
466,354
467,354
468,354
469,354
470,354
471,354
472,354
473,354
474,354
475,354
476,354
477,354
478,354
479,354
480,355
481,355
482,355
483,355
484,355
485,355
486,355
487,355
488,355
489,355
490,355
491,355
492,355
493,356
494,357
495,357
496,357
497,357
498,357
499,357
500,357
501,357
502,357
503,357
504,357
505,357
506,357
507,357
508,357
509,358
510,358
511,358
512,358
513,358
514,358
515,358
516,358
517,358
518,358
519,358
520,358
521,359
522,359
523,359
524,359
525,359
526,359
527,359
528,359
529,359
530,359
531,359
532,359
533,359
534,359
535,359
536,359
537,359
538,360
539,361
540,361
541,361
542,361
543,361
544,361
545,361
546,361
547,361
548,361
549,361
550,361
551,361
552,361
553,361
554,361
555,361
556,362
557,362
558,362
559,362
560,362
561,362
562,362
563,362
564,362
565,362
566,362
567,362
568,362
569,362
570,362
571,362
572,362
573,362
574,363
575,363
576,363
577,363
578,363
579,363
580,363
581,363
582,363
583,363
584,363
585,363
586,363
587,363
588,363
589,363
590,364
591,364
592,365
593,365
594,365
595,365
596,365
597,365
598,365
599,365
600,365
601,365
602,365
603,365
604,365
605,365
606,365
607,365
608,365
609,366
610,366
611,366
612,366
613,366
614,366
615,366
616,366
617,366
618,366
619,366
620,366
621,366
622,366
623,366
624,366
625,366
626,366
627,366
628,366
629,366
630,366
631,366
632,366
633,366
634,366
635,366
636,366
637,366
638,365
639,365
640,365
641,365
642,365
643,364
644,364
645,363
646,363
647,363
648,363
649,363
650,363
651,362
652,361
653,360
654,359
655,359
656,359
657,359
658,359
659,359
660,359
661,359
662,359
663,359
664,359
665,359
666,359
667,359
668,359
669,359
670,359
671,359
672,359
673,359
674,359
675,359
676,359
677,359
678,359
679,359
680,359
681,359
682,359
683,359
684,359
685,359
686,359
687,359
688,359
689,359
690,359
691,359
692,359
693,359
694,359
695,359
696,359
697,359
698,359
699,359
700,359
701,359
702,359
703,359
704,359
705,359
706,359
707,359
708,359
709,359
710,359
711,359
712,359
713,359
714,359
715,359
716,359
717,359
718,359
719,359
720,359
721,360
722,361
723,361
724,361
725,361
726,361
727,361
728,361
729,361
730,361
731,361
732,361
733,361
734,361
735,361
736,361
737,361
738,361
739,361
740,361
741,362
742,362
743,362
744,362
745,362
746,362
747,362
748,362
749,362
750,362
751,362
752,362
753,363
426,360
426,359
426,358
426,357
426,356
426,355
420,347
421,348
422,349
422,350
423,351
420,355
419,355
418,355
417,355
416,355
415,355
414,355
413,355
412,355
411,355
410,355
409,355
408,355
407,354
406,354
405,354
404,354
403,354
402,354
401,354
400,354
399,354
398,354
397,353
396,353
395,353
394,353
393,353
392,353
391,353
390,353
389,353
388,353
387,353
386,353
385,353
384,353
383,353
382,353
381,353
380,353
379,353
378,353
377,353
376,353
375,353
374,353
373,353
372,353
371,353
370,353
369,353
368,353
367,353
366,353
365,353
364,353
363,353
362,353
361,353
360,352
359,352
358,352
357,352
356,352
355,352
354,352
353,352
352,352
351,352
350,352
349,352
348,352
347,352
346,352
345,352
344,352
343,352
342,352
341,352
340,352
339,352
338,352
337,352
336,352
335,352
334,352
333,352
332,352
331,352
330,352
329,352
328,352
327,352
326,352
325,351
324,351
323,351
322,351
321,351
320,351
319,351
318,351
317,351
316,351
315,351
314,351
313,351
312,351
311,351
310,351
309,351
308,351
307,351
306,351
305,351
304,351
303,351
302,351
301,351
300,351
299,351
298,351
297,351
296,351
295,351
294,351
293,351
292,351
291,351
290,351
289,350
288,349
287,349
286,349
285,349
284,349
283,349
282,349
281,349
280,349
279,349
278,349
277,349
276,349
275,349
274,349
273,349
272,349
271,349
270,349
269,349
268,349
267,349
266,349
265,349
264,349
263,349
262,348
261,348
260,348
259,348
258,348
257,348
256,348
255,348
254,348
253,348
252,348
251,348
250,348
249,348
248,347
247,347
246,347
245,347
244,347
243,347
242,347
241,347
240,347
239,347
238,346
237,346
236,346
235,345
234,345
233,345
232,345
231,345
230,345
229,345
228,344
227,344
226,344
225,343
224,343
223,342
222,342
221,342
220,342
219,342
218,341
217,341
216,341
215,340
214,339
213,338
212,337
211,336
210,335
209,334
209,333
208,332
207,331
206,330
206,329
206,328
206,327
205,326
205,325
205,324
204,323
219,164
220,164
221,165
222,165
223,165
224,166
224,166
224,167
224,168
224,169
224,170
224,171
224,172
224,173
224,174
224,175
224,176
223,177
223,178
223,179
223,180
223,181
223,182
223,183
223,184
223,185
222,186
221,187
221,188
221,189
221,190
221,191
221,192
221,193
220,194
220,195
220,196
220,197
220,198
220,199
220,200
220,201
220,202
219,203
219,204
219,205
219,206
219,207
219,208
219,209
219,210
219,211
219,212
218,213
217,214
217,215
217,216
217,217
217,218
217,219
217,220
217,221
217,222
216,223
216,224
216,225
216,226
216,227
216,228
216,229
216,230
215,231
215,232
215,233
215,234
215,235
215,236
215,237
215,238
215,239
214,240
213,241
213,242
213,243
213,244
213,245
213,246
213,247
213,248
213,249
212,250
212,251
212,252
212,253
212,254
212,255
212,256
212,257
212,258
211,259
211,260
211,261
211,262
211,263
211,264
211,265
211,266
211,267
210,268
209,269
209,270
209,271
209,272
209,273
209,274
209,275
209,276
208,277
208,278
208,279
208,280
208,281
208,282
208,283
208,284
208,285
207,286
207,287
206,288
206,289
206,290
206,291
206,292
206,293
206,294
206,295
206,296
206,297
206,298
206,299
206,300
206,301
206,302
206,303
206,304
206,305
206,306
207,307
207,308
207,309
207,310
208,311
208,312
209,313
209,314
210,315
210,316
211,317
211,318
211,319
212,320
956,623
957,622
958,621
959,621
960,621
961,622
962,622
963,623
956,623
956,622
956,621
956,620
956,619
956,618
956,617
956,616
956,615
956,614
956,613
956,623
957,622
957,621
957,620
957,619
957,618
958,617
958,616
958,615
959,614
963,623
963,624
963,625
963,626
963,627
963,628
963,629
963,630
963,631
963,632
963,633
963,634
963,635
963,636
963,637
962,638
962,639
962,640
962,641
962,642
962,643
962,644
962,645
962,646
962,647
962,648
962,649
962,650
962,651
962,652
962,653
962,654
962,655
962,656
962,657
962,658
962,659
962,660
962,661
962,662
962,663
962,664
961,665
960,666
960,667
960,668
960,669
960,670
960,671
960,672
960,673
960,674
959,675
959,676
959,677
959,678
959,679
959,680
959,681
959,682
959,683
959,684
959,685
958,686
958,687
958,688
958,689
958,690
958,691
958,692
958,693
958,694
958,695
958,696
957,697
957,698
957,699
957,700
957,701
957,702
957,703
957,704
957,705
957,706
957,707
956,708
956,709
956,710
956,711
956,712
956,713
956,714
956,715
956,716
956,717
955,718
955,719
955,720
955,721
955,722
955,723
955,724
955,725
955,726
955,727
954,728
954,729
954,730
954,731
954,732
954,733
954,734
954,735
954,736
953,737
953,738
953,739
953,740
953,741
953,742
953,743
953,744
953,745
952,746
952,747
952,748
952,749
952,750
952,751
952,752
952,753
952,754
951,755
951,756
951,757
951,758
951,759
951,760
951,761
951,762
950,763
950,764
950,765
950,766
950,767
950,768
950,769
950,770
949,771
949,772
949,773
949,774
949,775
949,776
949,777
948,778
948,779
948,780
948,781
948,782
948,783
948,784
948,785
948,786
948,787
948,788
948,789
948,790
948,791
948,792
948,793
948,794
947,795
947,796
947,797
947,798
947,799
947,800
946,801
946,802
945,803
945,804
945,805
944,806
944,807
944,808
944,809
944,810
944,811
944,812
944,813
944,814
943,815
943,816
943,817
943,818
943,819
943,820
942,821
942,822
942,823
942,824
941,825
941,826
940,827
940,828
939,829
939,830
939,831
938,832
937,833
937,834
936,835
936,836
935,837
934,838
933,839
932,840
931,841
956,613
955,613
954,613
953,613
952,613
951,613
950,613
949,613
948,613
947,613
946,613
945,613
944,613
943,613
942,613
941,613
940,613
939,613
938,613
937,613
936,613
935,613
934,613
933,613
932,613
931,613
930,613
929,613
928,613
927,613
926,613
925,613
924,613
923,613
922,612
921,612
920,612
919,611
918,611
917,611
916,611
915,611
914,611
913,611
912,611
911,611
910,611
909,611
908,611
907,611
906,611
905,611
904,611
903,611
902,611
901,610
900,610
899,610
898,610
897,610
896,610
895,610
894,610
893,610
892,610
891,610
890,610
889,610
888,610
887,610
886,610
885,609
884,609
883,609
882,609
881,609
880,609
879,609
878,609
877,609
876,609
875,609
874,609
873,609
872,609
871,609
870,609
869,609
868,608
867,607
866,607
865,607
864,607
863,607
862,607
861,607
860,607
859,607
858,607
857,607
856,607
855,607
854,607
853,607
852,607
851,606
850,606
849,606
848,606
847,606
846,606
845,606
844,606
843,606
842,606
841,606
840,606
839,606
838,606
837,606
836,606
835,606
834,606
833,606
832,605
831,605
830,605
829,605
828,605
827,605
826,605
825,605
824,605
823,605
822,605
821,605
820,605
819,605
818,605
817,605
816,605
815,605
814,605
813,605
812,605
811,605
810,605
809,605
808,604
807,603
806,603
805,603
804,603
803,603
802,603
801,603
800,603
799,603
798,603
797,603
796,603
795,603
794,603
793,603
792,603
791,603
790,603
789,603
788,603
787,603
786,603
785,603
784,603
783,603
782,602
781,602
780,602
779,602
778,602
777,602
776,602
775,602
774,602
773,602
772,602
771,602
770,602
769,602
768,602
767,602
766,602
765,602
764,602
763,602
762,602
761,602
760,602
759,602
758,601
757,600
756,600
755,600
754,600
956,589
957,589
958,589
959,590
970,615
969,615
968,615
967,615
966,615
965,615
970,590
971,590
972,590
973,590
974,590
975,590
976,590
977,590
978,590
979,590
980,590
981,590
982,590
983,590
984,590
985,590
986,591
987,592
988,592
989,592
990,592
991,592
992,592
993,592
994,592
995,592
996,592
997,592
998,592
999,592
1000,593
1001,593
1002,593
1003,593
1004,593
1005,593
1006,593
1007,593
1008,593
1009,593
1010,593
1011,593
1012,594
1013,594
1014,594
1015,594
1016,595
1017,595
1018,595
1019,595
1020,595
1021,595
1022,595
1023,595
1024,595
1025,595
1026,595
1027,596
1028,596
1029,596
1030,596
959,614
959,613
959,612
959,611
959,610
959,609
959,608
959,607
959,606
959,605
959,604
959,603
959,602
959,601
959,600
959,599
959,598
959,597
959,596
959,595
959,594
959,593
959,592
959,591
959,590
959,614
958,614
957,614
956,613
965,615
964,615
963,615
962,615
961,615
960,615
959,614
965,615
965,616
964,617
963,618
963,619
963,620
963,621
963,622
963,623
959,590
960,590
961,590
962,590
963,590
964,590
965,590
965,590
965,591
965,592
965,593
965,594
965,595
965,596
965,597
965,598
965,599
965,600
965,601
965,602
965,603
965,604
965,605
965,606
965,607
965,608
965,609
965,610
965,611
965,612
965,613
965,614
965,615
965,590
966,590
967,590
968,590
969,590
970,590
644,827
645,827
646,827
647,827
648,827
649,827
650,827
651,827
652,827
653,827
654,827
655,827
656,827
657,827
658,827
659,827
660,827
661,827
662,827
663,827
664,827
665,827
666,827
667,827
668,828
669,828
670,828
671,828
672,828
673,828
674,828
675,828
676,828
677,828
678,828
679,828
680,828
681,828
682,828
683,828
684,828
685,828
686,828
687,828
688,828
689,828
690,828
691,829
692,829
693,829
694,829
695,829
696,829
697,829
698,829
699,829
700,829
701,829
702,829
703,829
704,829
705,829
706,829
707,829
708,829
709,829
710,829
711,829
712,830
713,830
714,830
715,831
716,831
717,831
718,831
719,831
720,831
721,831
722,831
723,831
724,831
725,831
726,831
727,831
728,831
729,831
730,831
731,831
732,831
733,831
734,831
735,831
736,832
737,832
738,832
739,832
740,832
741,832
742,832
743,832
744,832
745,832
746,832
747,832
748,832
749,832
750,832
751,832
752,832
753,832
754,832
755,832
756,832
757,833
758,833
759,833
760,833
761,833
762,833
763,833
764,833
765,833
766,833
767,833
768,833
769,833
770,833
771,833
772,833
773,833
774,833
775,833
776,833
777,833
778,833
779,833
780,834
781,835
782,835
783,835
784,835
785,835
786,835
787,835
788,835
789,835
790,835
791,835
792,835
793,835
794,835
795,835
796,835
797,835
798,835
799,835
800,835
801,835
802,836
803,836
804,836
805,836
806,836
807,836
808,836
809,836
810,836
811,836
812,836
813,836
814,836
815,836
816,836
817,836
818,836
819,836
820,836
821,836
822,836
823,836
824,836
825,837
826,837
827,837
828,837
829,837
830,837
831,837
832,837
833,837
834,837
835,837
836,837
837,837
838,837
839,837
840,837
841,837
842,837
843,837
844,837
845,837
846,838
847,838
848,838
849,839
850,839
851,839
852,839
853,839
854,839
855,839
856,839
857,839
858,839
859,839
860,839
861,839
862,839
863,839
864,839
865,839
866,839
867,839
868,839
869,839
870,840
871,840
872,840
873,840
874,840
875,840
876,840
877,840
878,840
879,840
880,840
881,840
882,840
883,840
884,840
885,840
886,840
887,840
888,840
889,840
890,840
891,840
892,841
893,842
894,842
895,842
896,842
897,842
898,842
899,842
900,842
901,842
902,842
903,842
904,842
905,842
906,842
907,842
908,842
909,842
910,842
911,842
912,842
913,842
914,842
915,842
916,842
917,842
918,842
919,842
920,841
921,840
922,840
923,839
924,838
925,837
926,837
927,836
928,836
644,833
644,832
644,831
644,830
644,829
644,828
644,827
1027,619
1026,619
1025,619
1024,619
1023,619
1022,619
1021,619
1020,619
1019,619
1018,619
1017,618
1016,618
1015,618
1014,618
1013,618
1012,618
1011,618
1010,618
1009,618
1008,618
1007,618
1006,618
1005,618
1004,618
1003,618
1002,618
1001,618
1000,618
999,618
998,618
997,618
996,618
995,617
994,617
993,617
992,617
991,617
990,617
989,617
988,617
987,617
986,617
985,617
984,617
983,617
982,617
981,617
980,617
979,617
978,617
977,617
976,617
975,617
974,617
973,616
972,616
971,616
970,615
901,374
901,375
901,376
901,377
901,378
901,379
901,380
901,381
901,382
901,383
901,384
901,385
901,386
901,387
901,388
901,389
901,390
901,391
901,392
901,393
901,394
901,395
901,396
901,397
901,398
901,399
901,400
901,401
900,402
900,403
900,404
900,404
899,405
898,405
897,405
896,406
895,406
894,406
893,406
892,406
891,406
890,406
889,406
888,406
887,406
886,406
885,406
884,406
883,406
882,406
881,406
880,406
879,406
878,406
877,406
876,406
875,406
874,406
873,406
872,406
871,406
870,406
869,406
868,406
867,406
866,406
865,406
864,406
863,406
862,405
861,405
860,405
859,405
858,405
857,405
856,405
855,405
854,405
853,405
852,405
851,405
850,405
849,405
848,405
847,405
846,405
845,405
844,405
843,404
842,403
841,403
840,403
839,403
838,403
837,403
836,403
835,403
834,403
833,403
832,403
831,403
830,403
829,403
828,403
827,403
826,403
825,402
824,402
823,402
822,402
821,402
820,402
819,402
818,402
817,402
816,402
815,402
814,402
813,402
812,402
811,402
810,402
809,402
808,402
807,402
806,401
805,401
804,401
803,401
802,401
801,401
800,401
799,401
798,401
797,401
796,401
795,401
794,401
793,401
792,401
791,401
790,401
789,401
788,400
787,400
786,399
785,399
784,399
783,399
782,399
781,399
780,399
779,399
778,399
777,399
776,399
775,399
774,399
773,399
772,399
771,399
770,399
769,399
768,399
767,399
766,399
765,399
764,399
763,398
762,398
761,398
760,397
592,580
593,580
594,580
595,580
596,580
597,581
598,581
599,581
600,581
601,581
602,581
603,581
604,581
605,581
606,581
607,582
608,582
609,582
610,582
611,582
612,582
613,582
614,582
615,582
616,582
617,582
618,583
619,583
620,583
621,583
622,583
623,583
624,583
625,584
626,585
627,585
628,585
629,585
630,585
631,585
632,585
633,585
634,585
635,585
636,585
637,585
638,585
639,586
640,586
641,586
642,586
643,586
644,586
645,586
646,586
647,586
648,586
649,586
650,586
651,587
652,587
653,587
654,587
655,587
656,587
657,587
658,587
659,587
660,587
661,587
662,588
663,589
664,589
665,589
666,589
667,589
668,589
669,589
670,589
671,589
672,589
673,590
674,590
675,590
676,590
677,590
678,590
679,590
680,590
681,590
682,590
683,590
684,591
685,591
686,591
687,591
688,591
689,592
690,592
691,592
692,592
693,592
694,592
695,592
696,592
697,592
698,592
699,592
700,592
701,592
702,593
703,593
704,593
705,593
706,593
707,593
708,593
709,593
710,593
711,593
712,593
713,593
714,593
715,593
716,593
717,593
718,593
719,593
720,594
721,594
722,594
723,594
724,594
725,594
726,594
727,594
728,594
729,594
730,594
731,594
732,594
733,594
734,594
735,594
736,594
737,594
738,595
596,588
595,588
594,587
593,587
592,587
591,587
590,587
589,587
588,587
587,587
586,587
585,587
584,587
583,587
582,587
581,586
580,586
579,586
578,586
577,586
576,586
575,586
574,586
573,585
572,585
571,584
570,584
569,584
568,584
567,584
566,584
565,584
564,584
563,584
562,584
561,583
560,583
559,583
558,583
557,583
556,583
555,583
554,583
553,583
552,583
551,583
550,583
549,582
548,582
547,582
546,582
545,582
544,582
543,582
542,582
541,582
540,582
539,581
538,580
537,580
536,580
535,580
534,580
533,580
532,580
531,580
530,580
529,580
528,579
527,579
526,579
525,579
524,579
523,579
522,579
521,579
520,579
519,579
518,579
517,579
516,579
515,578
514,578
513,578
512,578
511,578
510,578
509,578
508,578
507,578
506,578
505,577
504,576
503,576
502,576
501,576
500,576
499,576
498,576
497,576
496,576
495,576
494,575
493,575
492,575
491,575
490,575
489,575
488,575
487,575
486,575
485,575
484,575
483,574
482,574
481,574
480,574
479,574
478,574
477,574
476,574
475,574
474,574
473,573
472,573
471,572
470,572
469,572
468,572
467,572
466,572
465,572
464,572
463,572
462,572
461,571
460,571
459,571
458,571
457,571
456,571
455,571
454,571
453,571
452,571
928,836
928,835
928,834
929,833
930,832
931,831
932,830
932,829
933,828
933,827
933,826
933,825
934,824
934,823
934,822
935,821
935,820
935,819
935,818
935,817
935,816
936,815
936,814
936,813
936,812
936,811
936,810
937,809
937,808
937,807
938,806
938,805
938,804
938,803
938,802
939,801
939,800
939,799
939,798
939,797
939,796
940,795
940,794
940,793
940,792
940,791
940,790
940,789
940,788
940,787
940,786
941,785
941,784
941,783
941,782
941,781
941,780
941,779
941,778
941,777
942,776
942,775
942,774
942,773
942,772
943,771
943,770
943,769
943,768
943,767
943,766
943,765
943,764
943,763
943,762
943,761
943,760
943,759
944,758
944,757
944,756
944,755
944,754
944,753
945,752
945,751
945,750
945,749
945,748
945,747
945,746
945,745
945,744
946,743
946,742
946,741
946,740
946,739
946,738
946,737
946,736
946,735
946,734
946,733
947,732
947,731
947,730
947,729
947,728
947,727
947,726
947,725
947,724
947,723
947,722
947,721
947,720
948,719
949,718
949,717
949,716
949,715
949,714
949,713
949,712
949,711
949,710
949,709
949,708
949,707
949,706
949,705
949,704
949,703
949,702
950,701
950,700
950,699
950,698
950,697
950,696
950,695
950,694
951,693
951,692
951,691
951,690
951,689
951,688
951,687
951,686
951,685
951,684
951,683
951,682
951,681
951,680
952,679
952,678
952,677
952,676
952,675
952,674
952,673
952,672
952,671
953,670
953,669
953,668
953,667
953,666
953,665
953,664
953,663
954,662
954,661
954,660
954,659
954,658
954,657
954,656
954,655
954,654
954,653
954,652
954,651
954,650
954,649
954,648
954,647
954,646
954,645
955,644
955,643
955,642
955,641
955,640
955,639
955,638
955,637
955,636
955,635
955,634
955,633
955,632
955,631
955,630
955,629
955,628
955,627
955,626
955,625
955,624
956,623
931,841
931,842
930,843
929,844
928,845
927,845
926,846
925,847
924,847
923,848
922,848
921,848
920,848
919,848
918,848
917,848
916,848
915,848
914,848
913,848
912,848
911,848
910,848
909,848
908,848
907,848
906,848
905,848
904,848
903,848
902,848
901,848
900,848
899,848
898,848
897,848
896,848
895,848
894,848
893,848
892,848
891,848
890,848
889,848
888,848
887,848
886,848
885,848
884,848
883,848
882,848
881,848
880,848
879,848
878,848
877,848
876,848
875,848
874,848
873,848
872,848
871,848
870,848
869,848
868,847
867,847
866,847
865,847
864,847
863,847
862,847
861,847
860,847
859,847
858,847
857,847
856,847
855,847
854,847
853,847
852,847
851,847
850,847
849,847
848,847
847,847
846,847
845,847
844,847
843,846
842,845
841,845
840,845
839,845
838,845
837,845
836,845
835,845
834,845
833,845
832,845
831,845
830,845
829,845
828,845
827,845
826,845
825,845
824,845
823,845
822,845
821,844
820,844
819,844
818,844
817,844
816,844
815,844
814,844
813,844
812,844
811,844
810,844
809,844
808,844
807,844
806,844
805,844
804,844
803,844
802,844
801,844
800,844
799,844
798,843
797,843
796,843
795,843
794,843
793,843
792,843
791,843
790,843
789,843
788,843
787,843
786,843
785,843
784,843
783,843
782,843
781,843
780,843
779,843
778,843
777,842
776,841
775,841
774,841
773,841
772,841
771,841
770,841
769,841
768,841
767,841
766,841
765,841
764,841
763,841
762,841
761,841
760,841
759,841
758,841
757,841
756,841
755,841
754,841
753,840
752,840
751,840
750,840
749,840
748,840
747,840
746,840
745,840
744,840
743,840
742,840
741,840
740,840
739,840
738,840
737,840
736,840
735,840
734,840
733,840
732,840
731,839
730,839
729,839
728,839
727,839
726,839
725,839
724,839
723,839
722,839
721,839
720,839
719,839
718,839
717,839
716,839
715,839
714,839
713,839
712,839
711,839
710,839
709,838
708,837
707,837
706,837
705,837
704,837
703,837
702,837
701,837
700,837
699,837
698,837
697,837
696,837
695,837
694,837
693,837
692,837
691,837
690,837
689,837
688,837
687,837
686,836
685,836
684,836
683,836
682,836
681,836
680,836
679,836
678,836
677,836
676,836
675,836
674,836
673,836
672,836
671,836
670,836
669,836
668,836
667,836
666,836
665,835
664,835
663,835
662,835
661,835
660,835
659,835
658,835
657,835
656,835
655,835
654,835
653,835
652,835
651,835
650,835
649,835
648,835
647,834
646,834
645,834
644,833
195,787
194,786
193,785
192,784
192,783
191,782
190,781
190,780
190,779
190,778
190,777
190,776
190,775
189,774
189,773
189,772
189,771
189,770
189,769
189,768
189,767
189,766
189,765
189,764
189,763
189,762
189,761
189,760
189,759
189,758
189,757
189,756
189,755
189,754
189,753
189,752
189,751
189,750
189,749
189,748
189,747
189,746
189,745
189,744
189,743
189,742
189,741
189,740
189,739
189,738
189,737
189,736
189,735
189,734
189,733
189,732
189,731
189,730
189,729
189,728
189,727
189,726
189,725
189,724
189,723
189,722
189,721
188,720
187,720
186,719
185,719
184,719
183,718
182,717
181,716
180,715
180,714
179,713
179,712
179,711
179,710
179,709
179,708
179,707
179,706
179,705
179,704
179,703
179,702
179,701
179,700
179,699
179,698
179,697
179,696
179,695
180,694
180,693
180,692
180,691
180,690
180,689
180,688
180,687
180,686
180,685
180,684
180,683
180,682
181,681
181,680
181,679
181,678
181,677
181,676
181,675
181,674
181,673
181,672
181,671
181,670
181,669
182,668
182,667
182,666
182,665
182,664
182,663
182,662
182,661
182,660
182,659
182,658
182,657
183,656
184,655
184,654
184,653
184,652
184,651
184,650
184,649
184,648
185,647
185,646
185,645
185,644
185,643
185,642
185,641
185,640
185,639
185,638
185,637
185,636
185,635
185,634
185,633
185,632
185,631
186,630
186,629
186,628
186,627
186,626
186,625
186,624
186,623
186,622
186,621
186,620
186,619
186,618
186,617
186,616
187,615
187,614
187,613
188,612
188,611
188,610
188,609
188,608
188,607
188,606
188,605
188,604
188,603
188,602
188,601
188,600
189,599
189,598
189,597
189,596
189,595
189,594
189,593
189,592
189,591
189,590
189,589
189,588
189,587
189,586
190,585
190,584
190,583
190,582
190,581
190,580
190,579
190,578
190,577
190,576
191,575
191,574
191,573
191,572
191,571
192,570
192,569
192,568
193,567
200,782
201,783
202,784
203,784
204,784
205,785
206,786
207,786
208,786
209,786
210,786
211,786
212,787
213,787
214,787
215,787
216,787
217,787
218,787
219,787
220,787
221,788
222,788
223,788
224,788
225,788
226,789
227,789
228,789
229,789
230,789
231,789
232,789
233,789
234,789
235,789
236,789
237,789
238,790
239,790
240,790
241,790
242,790
243,790
244,790
245,790
246,790
247,790
248,790
249,790
250,790
251,790
252,791
253,791
254,791
255,791
256,791
257,791
258,791
259,791
260,791
261,791
262,791
263,791
264,791
265,791
266,791
267,791
268,792
269,793
270,793
271,793
272,793
273,793
274,793
275,793
276,793
277,793
278,793
279,793
280,793
281,793
282,793
283,793
284,793
285,794
286,794
287,794
288,794
289,794
290,794
291,794
292,794
293,794
294,794
295,794
296,794
297,794
298,794
299,794
300,794
301,795
302,795
303,795
304,795
305,795
306,795
307,795
308,795
309,795
310,795
311,795
312,795
313,795
314,795
315,796
316,797
317,798
318,798
319,798
320,798
321,798
322,798
323,798
324,798
325,798
326,798
327,798
328,798
329,798
330,798
331,798
332,798
333,799
334,799
335,799
336,799
337,799
338,799
339,799
340,799
341,799
342,799
343,799
344,799
345,799
346,799
347,799
348,799
349,799
350,799
351,799
352,799
353,799
354,799
355,799
356,800
357,800
358,800
359,800
360,800
361,800
362,800
363,800
364,800
365,801
366,801
367,801
368,801
369,801
370,801
371,801
372,801
373,801
374,801
375,801
376,801
377,801
378,801
379,801
380,801
381,802
382,802
383,802
384,802
385,802
386,802
387,802
388,802
389,802
390,802
391,802
392,802
393,802
394,802
395,802
396,802
397,803
398,803
399,803
400,803
401,803
402,803
403,803
404,803
405,803
406,803
407,803
408,803
409,803
410,803
411,803
412,803
413,804
414,805
415,805
416,805
417,805
418,805
419,805
420,805
421,805
422,805
423,805
424,805
425,805
426,805
427,805
428,805
429,806
430,806
431,806
432,806
433,806
434,806
435,806
436,806
437,806
438,806
439,806
440,806
441,806
442,806
443,806
444,806
445,807
446,807
447,807
448,808
449,808
450,808
451,808
452,808
453,808
454,808
455,808
456,808
457,808
458,808
459,808
460,808
461,808
462,809
463,809
464,809
465,809
466,809
467,809
468,809
469,809
470,809
471,809
472,810
473,810
474,810
475,810
476,810
204,323
204,322
204,321
204,320
203,319
203,318
203,317
202,316
202,315
201,314
201,313
201,312
201,311
200,310
200,309
200,308
200,307
200,306
199,305
199,304
199,303
199,302
199,301
199,300
199,299
199,298
199,297
199,296
199,295
199,294
199,293
199,292
199,291
199,290
199,289
199,288
199,287
199,286
199,285
199,284
199,283
200,282
201,281
201,280
201,279
201,278
201,277
201,276
201,275
201,274
201,273
201,272
202,271
202,270
202,269
202,268
202,267
202,266
202,265
203,264
203,263
203,262
203,261
203,260
203,259
203,258
203,257
203,256
204,255
204,254
204,253
204,252
204,251
204,250
204,249
204,248
204,247
205,246
205,245
205,244
205,243
205,242
205,241
205,240
205,239
205,238
206,237
206,236
207,235
207,234
207,233
207,232
207,231
207,230
207,229
208,228
208,227
208,226
208,225
208,224
208,223
208,222
208,221
208,220
208,219
209,218
209,217
210,216
210,215
210,214
210,213
210,212
210,211
210,210
210,209
211,208
211,207
211,206
211,205
211,204
211,203
211,202
211,201
211,200
211,199
211,198
211,197
212,196
212,195
213,194
214,193
214,192
214,191
214,190
214,189
215,188
215,187
215,186
215,185
215,184
215,183
215,182
215,181
216,180
216,179
216,178
216,177
216,176
216,175
217,174
217,173
218,172
218,171
218,170
218,169
218,168
218,167
219,166
219,165
219,164
212,320
212,321
212,322
212,323
213,324
213,325
213,326
214,327
215,328
215,329
215,330
216,331
217,332
218,333
219,334
220,334
221,335
222,335
223,336
224,336
225,336
226,336
227,336
228,336
229,337
230,337
231,337
232,337
233,337
234,337
235,337
236,337
237,337
238,337
239,337
240,337
241,337
242,338
243,339
244,339
245,339
246,339
247,339
248,339
249,339
250,339
251,339
252,339
253,339
254,339
255,340
256,340
257,340
258,340
259,340
260,340
261,340
262,340
263,340
264,340
265,340
266,340
267,340
268,340
269,340
270,340
271,340
272,340
273,340
274,340
275,340
276,341
277,341
278,341
279,341
280,341
281,341
282,341
283,341
284,341
285,341
286,341
287,341
288,341
289,341
290,341
291,341
292,341
293,341
294,341
295,341
296,341
297,341
298,341
299,341
300,341
301,341
302,341
303,341
304,341
305,341
306,341
307,341
308,341
309,341
310,341
311,341
312,341
313,342
314,343
315,343
316,343
317,343
318,343
319,343
320,343
321,343
322,343
323,343
324,343
325,343
326,343
327,343
328,343
329,343
330,343
331,343
332,343
333,343
334,343
335,343
336,343
337,343
338,343
339,343
340,343
341,343
342,343
343,343
344,343
345,343
346,343
347,343
348,343
349,344
350,344
351,344
352,344
353,344
354,344
355,344
356,344
357,344
358,344
359,344
360,344
361,344
362,344
363,344
364,344
365,344
366,344
367,344
368,344
369,344
370,344
371,344
372,344
373,344
374,344
375,344
376,344
377,344
378,344
379,344
380,344
381,344
382,344
383,344
384,344
385,345
386,345
387,345
388,346
389,346
390,346
391,346
392,346
393,346
394,346
395,346
396,346
397,346
398,346
399,346
400,346
401,346
402,346
403,346
404,346
405,346
406,346
407,346
408,346
409,346
410,346
411,346
412,346
413,346
414,346
415,346
416,346
417,346
418,346
419,346
420,347
426,355
425,355
424,355
423,355
422,355
421,355
420,355
426,355
426,354
426,353
426,352
427,351
423,351
423,352
422,353
421,354
420,355
423,351
424,351
425,351
426,351
427,351
