221,172
221,173
221,174
220,175
220,176
220,177
220,178
220,179
220,180
220,181
220,182
219,183
218,184
218,185
218,186
218,187
218,188
218,189
218,190
217,191
217,192
217,193
217,194
217,195
217,196
217,197
217,198
217,199
216,200
216,201
216,202
216,203
216,204
216,205
216,206
216,207
216,208
216,209
215,210
214,211
214,212
214,213
214,214
214,215
214,216
214,217
214,218
214,219
213,220
213,221
213,222
213,223
213,224
213,225
213,226
213,227
212,228
212,229
212,230
212,231
212,232
212,233
212,234
212,235
212,236
211,237
210,238
209,239
209,240
209,241
209,242
209,243
209,244
209,245
208,246
208,247
208,248
208,249
208,250
208,251
208,252
208,253
208,254
208,255
208,256
208,257
208,258
207,259
207,260
207,261
207,262
207,263
207,264
207,265
206,266
206,267
206,268
206,269
206,270
206,271
206,272
206,273
205,274
205,275
205,276
205,277
205,278
205,279
205,280
205,281
205,282
204,283
204,284
203,285
203,286
203,287
203,288
203,289
203,290
203,291
203,292
203,293
202,294
202,294
202,295
202,296
202,297
202,298
202,299
202,300
202,301
202,302
202,303
203,304
203,305
203,306
203,307
203,308
204,309
204,310
204,311
204,312
205,313
205,314
205,314
206,315
206,316
206,317
207,318
207,319
207,320
208,321
208,322
208,323
209,324
209,325
209,326
209,327
209,328
210,329
211,330
212,331
212,332
213,333
213,334
213,335
214,336
214,336
215,337
216,338
217,338
218,338
219,338
220,338
221,339
222,339
223,339
224,339
225,339
226,340
227,340
228,340
229,340
230,340
231,340
232,340
233,340
234,340
235,340
236,341
237,341
238,341
239,342
239,342
240,342
241,342
242,342
243,342
244,342
245,342
246,342
247,342
248,342
249,342
250,342
251,342
252,343
253,343
254,343
255,343
256,343
257,343
258,343
259,343
260,343
261,343
262,344
262,344
263,344
264,344
265,344
266,344
267,344
268,344
269,344
270,344
271,344
272,344
273,344
274,344
275,344
276,344
277,344
278,344
279,344
280,344
281,344
282,344
283,344
284,344
285,344
286,344
287,344
288,344
289,344
290,344
291,344
292,344
293,344
294,344
295,344
296,344
297,345
298,345
299,345
300,346
300,346
301,346
302,346
303,346
304,346
305,346
306,346
307,346
308,346
309,346
310,346
311,346
312,346
313,346
314,346
315,346
316,346
317,346
318,346
319,346
320,346
321,346
322,346
323,346
324,346
325,346
326,346
327,346
328,346
329,346
330,346
331,346
332,346
333,346
334,346
335,346
336,347
337,347
338,347
339,348
339,348
340,348
341,348
342,348
343,348
344,348
345,348
346,348
347,348
348,348
349,348
350,348
351,348
352,348
353,348
354,348
355,348
356,348
357,348
358,348
359,348
360,348
361,348
362,348
363,348
364,348
365,348
366,348
367,348
368,348
369,348
370,348
371,349
371,349
372,349
373,349
374,349
375,349
376,349
377,349
378,349
379,349
380,349
381,349
382,349
383,349
384,349
385,349
386,349
387,349
388,349
389,349
390,349
391,349
392,349
393,349
394,349
395,349
396,349
397,349
398,349
399,349
400,349
401,349
402,349
403,349
404,349
405,350
405,350
406,350
407,350
408,350
409,350
410,350
411,350
412,350
413,350
414,350
415,350
416,350
417,350
418,350
419,351
737,598
736,598
735,598
734,598
733,598
732,598
731,598
730,598
729,598
728,598
727,598
726,598
725,598
724,598
723,598
722,598
721,598
720,598
719,598
718,598
717,598
716,598
715,598
714,598
713,598
712,598
711,598
710,598
709,597
709,597
708,597
707,597
706,597
705,597
704,597
703,597
702,597
701,596
700,596
699,596
698,596
697,596
696,596
695,596
694,596
693,596
692,596
691,596
690,596
689,596
688,596
687,596
686,596
685,595
684,595
683,595
682,595
681,595
680,595
679,595
678,595
677,595
676,595
675,594
674,594
673,594
672,594
671,594
670,594
669,593
669,593
668,593
667,593
666,593
665,593
664,593
663,592
662,592
661,592
660,592
659,592
658,592
657,592
656,592
655,592
654,592
653,591
652,591
651,591
650,591
649,591
648,591
647,591
646,591
645,591
644,591
643,591
642,590
641,590
640,590
639,590
638,590
637,590
636,589
636,589
635,589
634,589
633,589
632,589
631,588
630,588
629,588
628,588
627,588
626,588
625,588
624,588
623,588
622,588
621,588
620,588
619,587
618,587
617,587
616,587
615,587
614,587
613,587
612,587
611,587
610,587
609,587
608,586
607,586
606,586
605,586
604,586
603,586
602,586
601,586
600,586
599,586
598,585
597,584
596,584
595,584
594,584
593,584
592,584
592,584
591,584
590,584
589,584
588,584
587,584
586,584
585,584
584,583
583,583
582,583
581,583
580,583
579,583
578,583
577,583
576,582
575,582
574,581
573,581
572,581
571,581
570,581
569,581
568,581
567,581
566,581
565,581
564,580
563,580
562,580
561,580
560,580
559,580
558,580
557,580
556,580
555,580
554,580
553,579
553,579
552,579
551,579
550,579
549,579
548,579
547,579
546,579
545,579
544,579
543,579
542,578
541,577
540,577
539,577
538,577
537,577
536,577
535,577
534,577
533,577
532,577
531,577
530,576
529,576
528,576
527,576
526,576
525,576
524,576
523,576
522,576
521,576
520,576
519,576
518,575
518,575
517,575
516,575
515,575
514,575
513,575
512,575
511,575
510,575
509,575
508,574
507,573
506,573
505,573
504,573
503,573
502,573
501,573
500,573
499,573
498,573
497,572
496,572
495,572
494,572
493,572
492,572
491,572
490,572
489,572
488,572
487,572
486,571
485,571
485,571
484,571
483,571
482,571
481,571
480,571
479,571
478,571
477,571
476,570
475,570
474,569
473,569
472,569
471,569
470,569
469,569
468,569
467,569
466,569
465,569
464,568
463,568
462,568
461,568
460,568
459,568
458,568
457,568
456,568
455,568
454,568
453,567
453,567
452,567
451,567
450,567
449,567
448,567
447,567
446,567
445,567
444,566
647,830
648,830
649,830
650,831
651,831
652,831
653,831
654,831
655,831
656,831
657,831
658,831
659,831
660,831
661,831
662,831
663,831
664,831
665,831
666,831
667,831
668,832
668,832
669,832
670,832
671,832
672,832
673,832
674,832
675,832
676,832
677,832
678,832
679,832
680,832
681,832
682,832
683,832
684,832
685,832
686,832
687,832
688,832
689,832
690,832
691,833
692,833
693,833
694,833
695,833
696,833
697,833
698,833
699,833
700,833
701,833
702,833
703,833
704,833
705,833
706,833
707,833
708,833
709,833
710,833
711,833
712,833
713,834
714,835
715,835
716,835
717,835
718,835
719,835
720,835
721,835
722,835
723,835
724,835
725,835
726,835
727,835
728,835
729,835
730,835
731,835
732,835
733,835
734,835
735,836
735,836
736,836
737,836
738,836
739,836
740,836
741,836
742,836
743,836
744,836
745,836
746,836
747,836
748,836
749,836
750,836
751,836
752,836
753,836
754,836
755,836
756,836
757,836
758,837
759,837
760,837
761,837
762,837
763,837
764,837
765,837
766,837
767,837
768,837
769,837
770,837
771,837
772,837
773,837
774,837
775,837
776,837
777,837
778,837
779,838
779,838
780,838
781,838
782,839
783,839
784,839
785,839
786,839
787,839
788,839
789,839
790,839
791,839
792,839
793,839
794,839
795,839
796,839
797,839
798,839
799,839
800,839
801,839
802,839
803,840
804,840
805,840
805,840
806,840
807,840
808,840
809,840
810,840
811,840
812,840
813,840
814,840
815,840
816,840
817,840
818,840
819,840
820,840
821,840
822,840
823,840
824,840
825,840
826,841
827,841
828,841
829,841
830,841
831,841
831,841
832,841
833,841
834,841
835,841
836,841
837,841
838,841
839,841
840,841
841,841
842,841
843,841
844,841
845,841
846,841
847,842
848,843
849,843
850,843
851,843
852,843
853,843
854,843
855,843
856,843
857,843
858,843
858,843
859,843
860,843
861,843
862,843
863,843
864,843
865,843
866,843
867,843
868,843
869,843
870,843
871,844
872,844
873,844
874,844
875,844
876,844
877,844
878,844
879,844
880,844
881,844
882,844
883,844
884,844
885,844
886,844
887,844
888,844
889,845
889,845
890,845
891,845
892,845
893,845
894,845
895,845
896,845
897,845
898,845
899,845
900,845
901,845
902,845
903,845
904,845
905,845
906,845
907,845
908,845
909,845
910,845
911,845
912,845
913,845
914,845
915,845
916,845
917,845
918,845
919,845
920,845
920,845
921,845
922,844
923,844
924,843
925,842
926,842
927,841
928,840
929,839
930,838
930,838
930,837
931,836
932,835
933,834
933,833
934,832
935,831
936,830
936,829
936,828
936,827
937,826
937,825
937,824
938,823
938,823
939,822
939,821
939,820
939,819
939,818
939,817
939,816
940,815
940,814
940,813
940,812
940,811
940,810
940,809
941,808
941,807
941,806
941,805
941,804
942,803
942,802
942,801
943,800
943,800
943,799
943,798
943,797
943,796
943,795
943,794
943,793
943,792
943,791
944,790
944,789
944,788
944,787
944,786
944,785
944,784
944,783
944,782
944,781
944,780
944,779
945,778
945,777
945,776
946,775
946,775
946,774
946,773
946,772
946,771
946,770
946,769
947,768
947,767
947,766
947,765
947,764
947,763
947,762
947,761
947,760
947,759
947,758
947,757
947,756
947,755
948,754
948,753
948,752
948,751
948,751
948,750
948,749
948,748
948,747
948,746
948,745
948,744
948,743
948,742
949,741
950,740
950,739
950,738
950,737
950,736
950,735
950,734
950,733
950,732
950,731
950,730
950,729
951,728
951,727
951,726
951,725
951,724
951,723
951,722
951,721
952,720
952,720
952,719
952,718
952,717
952,716
952,715
952,714
952,713
952,712
952,711
952,710
952,709
952,708
952,707
952,706
952,705
952,704
953,703
954,702
954,701
954,700
954,699
954,698
954,697
954,696
954,695
954,694
954,693
954,692
954,691
954,690
955,689
955,688
955,688
955,687
955,686
955,685
955,684
955,683
955,682
955,681
955,680
955,679
955,678
955,677
955,676
955,675
955,674
955,673
956,672
956,671
956,670
956,669
956,668
957,667
957,666
957,665
958,664
958,664
958,663
958,662
958,661
958,660
958,659
958,658
958,657
958,656
958,655
958,654
958,653
958,652
958,651
958,650
958,649
958,648
958,647
958,646
958,645
958,644
958,643
959,642
959,641
959,640
959,639
959,638
959,637
959,636
959,635
959,634
959,633
959,632
959,631
959,630
959,629
959,628
959,627
959,626
959,625
959,624
959,623
473,814
472,814
471,814
470,814
469,814
468,814
467,813
466,813
465,813
464,813
463,813
462,813
461,813
460,813
459,813
458,813
457,813
456,812
455,812
454,812
453,812
452,812
451,812
450,812
449,812
448,812
447,812
446,812
445,812
444,812
443,811
442,811
441,811
440,810
439,810
438,810
437,810
436,810
435,810
434,810
433,810
432,810
431,810
430,810
429,810
428,810
427,810
426,810
425,810
425,810
424,809
423,809
422,809
421,809
420,809
419,809
418,809
417,809
416,809
415,809
414,809
413,809
412,809
411,809
410,809
409,809
408,808
407,807
406,807
405,807
404,807
403,807
402,807
401,807
400,807
399,807
398,807
397,807
396,807
395,807
394,807
393,806
393,806
392,806
391,806
390,806
389,806
388,806
387,806
386,806
385,806
384,806
383,806
382,806
381,806
380,806
379,806
378,806
377,806
376,805
375,805
374,805
373,805
372,805
371,805
370,805
369,805
368,805
367,805
366,805
365,805
364,805
363,805
362,805
361,805
361,805
360,804
359,803
358,803
357,803
356,803
355,803
354,803
353,803
352,803
351,803
350,803
349,803
348,803
347,803
346,803
345,803
344,802
343,802
342,802
341,802
340,802
339,802
338,802
337,802
336,802
335,802
334,802
333,802
332,802
331,802
330,802
329,802
329,802
328,801
327,801
326,801
325,801
324,801
323,801
322,801
321,801
320,801
319,801
318,801
317,801
316,801
315,801
314,801
313,801
312,800
311,799
310,799
309,799
308,799
307,799
306,799
305,799
304,799
303,799
302,799
301,799
300,799
299,799
298,799
297,799
296,799
296,799
295,798
294,798
293,798
292,798
291,798
290,798
289,798
288,798
287,798
286,798
285,798
284,798
283,798
282,798
281,798
280,798
279,797
278,797
277,797
276,797
275,797
274,797
273,797
272,797
271,797
270,797
269,797
268,797
267,797
266,797
265,797
264,796
264,796
263,795
262,795
261,795
260,795
259,795
258,795
257,795
256,795
255,795
254,795
253,795
252,795
251,795
250,795
249,795
248,795
247,794
246,794
245,794
244,794
243,794
242,794
241,794
240,794
239,794
238,794
237,794
236,794
235,794
234,794
233,794
232,793
232,793
231,793
230,793
229,793
228,793
227,793
226,793
225,793
224,793
223,793
222,793
221,792
220,792
219,792
218,792
217,792
216,791
215,791
214,791
213,791
212,791
211,791
210,791
209,790
208,790
207,790
206,789
206,789
205,789
204,789
203,788
202,788
201,788
200,787
200,787
199,786
198,785
197,784
197,784
196,783
195,782
194,781
194,780
193,779
193,779
193,778
193,777
193,776
193,775
193,774
193,773
192,772
192,771
192,770
192,769
192,768
192,768
192,767
192,766
192,765
192,764
192,763
192,762
192,761
192,760
192,759
192,758
192,757
192,756
192,755
192,754
192,753
192,752
192,751
192,750
192,749
192,748
192,747
192,746
192,745
192,744
192,743
192,742
193,741
193,740
193,739
193,738
193,737
193,736
193,735
193,734
193,733
193,732
193,731
193,730
193,730
193,729
193,728
193,727
193,726
193,725
193,724
193,723
193,722
193,721
193,720
193,720
192,719
191,718
190,717
189,717
188,716
187,716
186,716
185,715
185,715
184,714
183,713
183,712
182,711
182,711
182,710
182,709
182,708
182,707
182,706
182,705
182,704
182,703
182,702
182,701
183,700
183,699
183,698
183,697
183,696
183,695
183,694
183,693
183,692
183,691
183,690
183,689
183,688
183,687
183,686
184,685
184,685
184,684
185,683
185,682
185,681
185,680
185,679
185,678
185,677
185,676
185,675
185,674
185,673
185,672
185,671
186,670
186,669
186,668
186,667
186,666
186,665
186,664
186,663
186,662
186,661
186,660
187,659
187,659
187,658
187,657
188,656
188,655
188,654
188,653
188,652
188,651
188,650
188,649
188,648
188,647
188,646
188,645
188,644
189,643
189,642
189,641
189,640
189,639
189,638
189,637
189,636
189,635
189,634
189,633
189,632
189,631
189,631
189,630
190,629
190,628
190,627
190,626
190,625
190,624
190,623
190,622
190,621
190,620
190,619
190,618
190,617
190,616
191,615
192,614
192,613
192,612
192,611
192,610
192,609
192,608
192,607
192,606
192,605
192,604
192,603
192,603
192,602
193,601
193,600
193,599
193,598
193,597
193,596
193,595
193,594
193,593
193,592
193,591
193,590
193,589
193,588
194,587
194,586
194,585
194,584
194,583
194,582
194,581
194,580
194,579
194,578
194,577
194,576
194,575
195,574
196,573
196,572
196,571
196,570
196,569
196,568
196,567
962,606
962,605
962,604
962,603
962,602
962,601
962,600
962,599
962,598
221,169
221,170
221,171
413,569
413,568
413,567
413,566
413,565
413,564
413,563
413,562
413,561
413,560
413,559
413,558
413,557
198,549
198,548
198,547
198,546
198,545
198,544
198,543
198,542
