0.0754400689655 0.0 0.207952068966
0.081306137931 0.0 0.215124137931
0.0871722068966 0.0 0.222296206897
0.0930382758621 0.0 0.229468275862
0.0989043448276 0.0 0.236640344828
0.104770413793 0.0 0.243812413793
0.110636482759 0.0 0.250984482759
0.116502551724 0.0 0.258156551724
0.12236862069 0.0 0.26532862069
0.128234689655 0.0 0.272500689655
0.134100758621 0.0 0.279672758621
0.139966827586 0.0 0.286844827586
0.145832896552 0.0 0.294016896552
0.151698965517 0.0 0.301188965517
0.157565034483 0.0 0.308361034483
0.163431103448 0.0 0.315533103448
0.169297172414 0.0 0.322705172414
0.175163241379 0.0 0.329877241379
0.181029310345 0.0 0.337049310345
0.18689537931 0.0 0.34422137931
0.192761448276 0.0 0.351393448276
0.198627517241 0.0 0.358565517241
0.204493586207 0.0 0.365737586207
0.210359655172 0.0 0.372909655172
0.216225724138 0.0 0.380081724138
0.222091793103 0.0 0.387253793103
0.227957862069 0.0 0.394425862069
0.233823931034 0.0 0.401597931034
0.23969 0.0 0.40877
0.235913142857 -0.00514285714286 0.401633714286
0.232136285714 -0.0102857142857 0.394497428571
0.228359428571 -0.0154285714286 0.387361142857
0.224582571429 -0.0205714285714 0.380224857143
0.220805714286 -0.0257142857143 0.373088571429
0.217028857143 -0.0308571428571 0.365952285714
0.213252 -0.036 0.358816
0.209475142857 -0.0411428571429 0.351679714286
0.205698285714 -0.0462857142857 0.344543428571
0.201921428571 -0.0514285714286 0.337407142857
0.198144571429 -0.0565714285714 0.330270857143
0.194367714286 -0.0617142857143 0.323134571429
0.190590857143 -0.0668571428571 0.315998285714
0.186814 -0.072 0.308862
0.183037142857 -0.0771428571429 0.301725714286
0.179260285714 -0.0822857142857 0.294589428571
0.175483428571 -0.0874285714286 0.287453142857
0.171706571429 -0.0925714285714 0.280316857143
0.167929714286 -0.0977142857143 0.273180571429
0.164152857143 -0.102857142857 0.266044285714
0.160376 -0.108 0.258908
0.156599142857 -0.113142857143 0.251771714286
0.152822285714 -0.118285714286 0.244635428571
0.149045428571 -0.123428571429 0.237499142857
0.145268571429 -0.128571428571 0.230362857143
0.141491714286 -0.133714285714 0.223226571429
0.137714857143 -0.138857142857 0.216090285714
0.133938 -0.144 0.208954
0.130161142857 -0.149142857143 0.201817714286
0.126384285714 -0.154285714286 0.194681428571
0.122607428571 -0.159428571429 0.187545142857
0.118830571429 -0.164571428571 0.180408857143
0.115053714286 -0.169714285714 0.173272571429
0.111276857143 -0.174857142857 0.166136285714
0.1075 -0.18 0.159
0.1075 -0.18 0.158594594595
0.1075 -0.18 0.158189189189
0.1075 -0.18 0.157783783784
0.1075 -0.18 0.157378378378
0.1075 -0.18 0.156972972973
0.1075 -0.18 0.156567567568
0.1075 -0.18 0.156162162162
0.1075 -0.18 0.155756756757
0.1075 -0.18 0.155351351351
0.1075 -0.18 0.154945945946
0.1075 -0.18 0.154540540541
0.1075 -0.18 0.154135135135
0.1075 -0.18 0.15372972973
0.1075 -0.18 0.153324324324
0.1075 -0.18 0.152918918919
0.1075 -0.18 0.152513513514
0.1075 -0.18 0.152108108108
0.1075 -0.18 0.151702702703
0.1075 -0.18 0.151297297297
0.1075 -0.18 0.150891891892
0.1075 -0.18 0.150486486486
0.1075 -0.18 0.150081081081
0.1075 -0.18 0.149675675676
0.1075 -0.18 0.14927027027
0.1075 -0.18 0.148864864865
0.1075 -0.18 0.148459459459
0.1075 -0.18 0.148054054054
0.1075 -0.18 0.147648648649
0.1075 -0.18 0.147243243243
0.1075 -0.18 0.146837837838
0.1075 -0.18 0.146432432432
0.1075 -0.18 0.146027027027
0.1075 -0.18 0.145621621622
0.1075 -0.18 0.145216216216
0.1075 -0.18 0.144810810811
0.1075 -0.18 0.144405405405
0.1075 -0.18 0.144
0.1075 -0.18 0.144405405405
0.1075 -0.18 0.144810810811
0.1075 -0.18 0.145216216216
0.1075 -0.18 0.145621621622
0.1075 -0.18 0.146027027027
0.1075 -0.18 0.146432432432
0.1075 -0.18 0.146837837838
0.1075 -0.18 0.147243243243
0.1075 -0.18 0.147648648649
0.1075 -0.18 0.148054054054
0.1075 -0.18 0.148459459459
0.1075 -0.18 0.148864864865
0.1075 -0.18 0.14927027027
0.1075 -0.18 0.149675675676
0.1075 -0.18 0.150081081081
0.1075 -0.18 0.150486486486
0.1075 -0.18 0.150891891892
0.1075 -0.18 0.151297297297
0.1075 -0.18 0.151702702703
0.1075 -0.18 0.152108108108
0.1075 -0.18 0.152513513514
0.1075 -0.18 0.152918918919
0.1075 -0.18 0.153324324324
0.1075 -0.18 0.15372972973
0.1075 -0.18 0.154135135135
0.1075 -0.18 0.154540540541
0.1075 -0.18 0.154945945946
0.1075 -0.18 0.155351351351
0.1075 -0.18 0.155756756757
0.1075 -0.18 0.156162162162
0.1075 -0.18 0.156567567568
0.1075 -0.18 0.156972972973
0.1075 -0.18 0.157378378378
0.1075 -0.18 0.157783783784
0.1075 -0.18 0.158189189189
0.1075 -0.18 0.158594594595
0.1075 -0.18 0.159
0.111216216216 -0.172837837838 0.156162162162
0.114932432432 -0.165675675676 0.153324324324
0.118648648649 -0.158513513514 0.150486486486
0.122364864865 -0.151351351351 0.147648648649
0.126081081081 -0.144189189189 0.144810810811
0.129797297297 -0.137027027027 0.141972972973
0.133513513514 -0.129864864865 0.139135135135
0.13722972973 -0.122702702703 0.136297297297
0.140945945946 -0.115540540541 0.133459459459
0.144662162162 -0.108378378378 0.130621621622
0.148378378378 -0.101216216216 0.127783783784
0.152094594595 -0.0940540540541 0.124945945946
0.155810810811 -0.0868918918919 0.122108108108
0.159527027027 -0.0797297297297 0.11927027027
0.163243243243 -0.0725675675676 0.116432432432
0.166959459459 -0.0654054054054 0.113594594595
0.170675675676 -0.0582432432432 0.110756756757
0.174391891892 -0.0510810810811 0.107918918919
0.178108108108 -0.0439189189189 0.105081081081
0.181824324324 -0.0367567567568 0.102243243243
0.185540540541 -0.0295945945946 0.0994054054054
0.189256756757 -0.0224324324324 0.0965675675676
0.192972972973 -0.0152702702703 0.0937297297297
0.196689189189 -0.00810810810811 0.0908918918919
0.200405405405 -0.000945945945946 0.0880540540541
0.204121621622 0.00621621621622 0.0852162162162
0.207837837838 0.0133783783784 0.0823783783784
0.211554054054 0.0205405405405 0.0795405405405
0.21527027027 0.0277027027027 0.0767027027027
0.218986486486 0.0348648648649 0.0738648648649
0.222702702703 0.042027027027 0.071027027027
0.226418918919 0.0491891891892 0.0681891891892
0.230135135135 0.0563513513514 0.0653513513514
0.233851351351 0.0635135135135 0.0625135135135
0.237567567568 0.0706756756757 0.0596756756757
0.241283783784 0.0778378378378 0.0568378378378
0.245 0.085 0.054
0.245 0.085 0.0535945945946
0.245 0.085 0.0531891891892
0.245 0.085 0.0527837837838
0.245 0.085 0.0523783783784
0.245 0.085 0.051972972973
0.245 0.085 0.0515675675676
0.245 0.085 0.0511621621622
0.245 0.085 0.0507567567568
0.245 0.085 0.0503513513514
0.245 0.085 0.0499459459459
0.245 0.085 0.0495405405405
0.245 0.085 0.0491351351351
0.245 0.085 0.0487297297297
0.245 0.085 0.0483243243243
0.245 0.085 0.0479189189189
0.245 0.085 0.0475135135135
0.245 0.085 0.0471081081081
0.245 0.085 0.0467027027027
0.245 0.085 0.0462972972973
0.245 0.085 0.0458918918919
0.245 0.085 0.0454864864865
0.245 0.085 0.0450810810811
0.245 0.085 0.0446756756757
0.245 0.085 0.0442702702703
0.245 0.085 0.0438648648649
0.245 0.085 0.0434594594595
0.245 0.085 0.0430540540541
0.245 0.085 0.0426486486486
0.245 0.085 0.0422432432432
0.245 0.085 0.0418378378378
0.245 0.085 0.0414324324324
0.245 0.085 0.041027027027
0.245 0.085 0.0406216216216
0.245 0.085 0.0402162162162
0.245 0.085 0.0398108108108
0.245 0.085 0.0394054054054
0.245 0.085 0.039
0.245 0.085 0.0394054054054
0.245 0.085 0.0398108108108
0.245 0.085 0.0402162162162
0.245 0.085 0.0406216216216
0.245 0.085 0.041027027027
0.245 0.085 0.0414324324324
0.245 0.085 0.0418378378378
0.245 0.085 0.0422432432432
0.245 0.085 0.0426486486486
0.245 0.085 0.0430540540541
0.245 0.085 0.0434594594595
0.245 0.085 0.0438648648649
0.245 0.085 0.0442702702703
0.245 0.085 0.0446756756757
0.245 0.085 0.0450810810811
0.245 0.085 0.0454864864865
0.245 0.085 0.0458918918919
0.245 0.085 0.0462972972973
0.245 0.085 0.0467027027027
0.245 0.085 0.0471081081081
0.245 0.085 0.0475135135135
0.245 0.085 0.0479189189189
0.245 0.085 0.0483243243243
0.245 0.085 0.0487297297297
0.245 0.085 0.0491351351351
0.245 0.085 0.0495405405405
0.245 0.085 0.0499459459459
0.245 0.085 0.0503513513514
0.245 0.085 0.0507567567568
0.245 0.085 0.0511621621622
0.245 0.085 0.0515675675676
0.245 0.085 0.051972972973
0.245 0.085 0.0523783783784
0.245 0.085 0.0527837837838
0.245 0.085 0.0531891891892
0.245 0.085 0.0535945945946
0.245 0.085 0.054
0.241283783784 0.0778378378378 0.0558918918919
0.237567567568 0.0706756756757 0.0577837837838
0.233851351351 0.0635135135135 0.0596756756757
0.230135135135 0.0563513513514 0.0615675675676
0.226418918919 0.0491891891892 0.0634594594595
0.222702702703 0.042027027027 0.0653513513514
0.218986486486 0.0348648648649 0.0672432432432
0.21527027027 0.0277027027027 0.0691351351351
0.211554054054 0.0205405405405 0.071027027027
0.207837837838 0.0133783783784 0.0729189189189
0.204121621622 0.00621621621622 0.0748108108108
0.200405405405 -0.000945945945946 0.0767027027027
0.196689189189 -0.00810810810811 0.0785945945946
0.192972972973 -0.0152702702703 0.0804864864865
0.189256756757 -0.0224324324324 0.0823783783784
0.185540540541 -0.0295945945946 0.0842702702703
0.181824324324 -0.0367567567568 0.0861621621622
0.178108108108 -0.0439189189189 0.0880540540541
0.174391891892 -0.0510810810811 0.0899459459459
0.170675675676 -0.0582432432432 0.0918378378378
0.166959459459 -0.0654054054054 0.0937297297297
0.163243243243 -0.0725675675676 0.0956216216216
0.159527027027 -0.0797297297297 0.0975135135135
0.155810810811 -0.0868918918919 0.0994054054054
0.152094594595 -0.0940540540541 0.101297297297
0.148378378378 -0.101216216216 0.103189189189
0.144662162162 -0.108378378378 0.105081081081
0.140945945946 -0.115540540541 0.106972972973
0.13722972973 -0.122702702703 0.108864864865
0.133513513514 -0.129864864865 0.110756756757
0.129797297297 -0.137027027027 0.112648648649
0.126081081081 -0.144189189189 0.114540540541
0.122364864865 -0.151351351351 0.116432432432
0.118648648649 -0.158513513514 0.118324324324
0.114932432432 -0.165675675676 0.120216216216
0.111216216216 -0.172837837838 0.122108108108
0.1075 -0.18 0.124
0.1075 -0.18 0.123594594595
0.1075 -0.18 0.123189189189
0.1075 -0.18 0.122783783784
0.1075 -0.18 0.122378378378
0.1075 -0.18 0.121972972973
0.1075 -0.18 0.121567567568
0.1075 -0.18 0.121162162162
0.1075 -0.18 0.120756756757
0.1075 -0.18 0.120351351351
0.1075 -0.18 0.119945945946
0.1075 -0.18 0.119540540541
0.1075 -0.18 0.119135135135
0.1075 -0.18 0.11872972973
0.1075 -0.18 0.118324324324
0.1075 -0.18 0.117918918919
0.1075 -0.18 0.117513513514
0.1075 -0.18 0.117108108108
0.1075 -0.18 0.116702702703
0.1075 -0.18 0.116297297297
0.1075 -0.18 0.115891891892
0.1075 -0.18 0.115486486486
0.1075 -0.18 0.115081081081
0.1075 -0.18 0.114675675676
0.1075 -0.18 0.11427027027
0.1075 -0.18 0.113864864865
0.1075 -0.18 0.113459459459
0.1075 -0.18 0.113054054054
0.1075 -0.18 0.112648648649
0.1075 -0.18 0.112243243243
0.1075 -0.18 0.111837837838
0.1075 -0.18 0.111432432432
0.1075 -0.18 0.111027027027
0.1075 -0.18 0.110621621622
0.1075 -0.18 0.110216216216
0.1075 -0.18 0.109810810811
0.1075 -0.18 0.109405405405
0.1075 -0.18 0.109
0.1075 -0.18 0.109405405405
0.1075 -0.18 0.109810810811
0.1075 -0.18 0.110216216216
0.1075 -0.18 0.110621621622
0.1075 -0.18 0.111027027027
0.1075 -0.18 0.111432432432
0.1075 -0.18 0.111837837838
0.1075 -0.18 0.112243243243
0.1075 -0.18 0.112648648649
0.1075 -0.18 0.113054054054
0.1075 -0.18 0.113459459459
0.1075 -0.18 0.113864864865
0.1075 -0.18 0.11427027027
0.1075 -0.18 0.114675675676
0.1075 -0.18 0.115081081081
0.1075 -0.18 0.115486486486
0.1075 -0.18 0.115891891892
0.1075 -0.18 0.116297297297
0.1075 -0.18 0.116702702703
0.1075 -0.18 0.117108108108
0.1075 -0.18 0.117513513514
0.1075 -0.18 0.117918918919
0.1075 -0.18 0.118324324324
0.1075 -0.18 0.11872972973
0.1075 -0.18 0.119135135135
0.1075 -0.18 0.119540540541
0.1075 -0.18 0.119945945946
0.1075 -0.18 0.120351351351
0.1075 -0.18 0.120756756757
0.1075 -0.18 0.121162162162
0.1075 -0.18 0.121567567568
0.1075 -0.18 0.121972972973
0.1075 -0.18 0.122378378378
0.1075 -0.18 0.122783783784
0.1075 -0.18 0.123189189189
0.1075 -0.18 0.123594594595
0.1075 -0.18 0.124
0.109189189189 -0.172837837838 0.122108108108
0.110878378378 -0.165675675676 0.120216216216
0.112567567568 -0.158513513514 0.118324324324
0.114256756757 -0.151351351351 0.116432432432
0.115945945946 -0.144189189189 0.114540540541
0.117635135135 -0.137027027027 0.112648648649
0.119324324324 -0.129864864865 0.110756756757
0.121013513514 -0.122702702703 0.108864864865
0.122702702703 -0.115540540541 0.106972972973
0.124391891892 -0.108378378378 0.105081081081
0.126081081081 -0.101216216216 0.103189189189
0.12777027027 -0.0940540540541 0.101297297297
0.129459459459 -0.0868918918919 0.0994054054054
0.131148648649 -0.0797297297297 0.0975135135135
0.132837837838 -0.0725675675676 0.0956216216216
0.134527027027 -0.0654054054054 0.0937297297297
0.136216216216 -0.0582432432432 0.0918378378378
0.137905405405 -0.0510810810811 0.0899459459459
0.139594594595 -0.0439189189189 0.0880540540541
0.141283783784 -0.0367567567568 0.0861621621622
0.142972972973 -0.0295945945946 0.0842702702703
0.144662162162 -0.0224324324324 0.0823783783784
0.146351351351 -0.0152702702703 0.0804864864865
0.148040540541 -0.00810810810811 0.0785945945946
0.14972972973 -0.000945945945946 0.0767027027027
0.151418918919 0.00621621621622 0.0748108108108
0.153108108108 0.0133783783784 0.0729189189189
0.154797297297 0.0205405405405 0.071027027027
0.156486486486 0.0277027027027 0.0691351351351
0.158175675676 0.0348648648649 0.0672432432432
0.159864864865 0.042027027027 0.0653513513514
0.161554054054 0.0491891891892 0.0634594594595
0.163243243243 0.0563513513514 0.0615675675676
0.164932432432 0.0635135135135 0.0596756756757
0.166621621622 0.0706756756757 0.0577837837838
0.168310810811 0.0778378378378 0.0558918918919
0.17 0.085 0.054
0.170401960784 0.085 0.0538529411765
0.170803921569 0.085 0.0537058823529
0.171205882353 0.085 0.0535588235294
0.171607843137 0.085 0.0534117647059
0.172009803922 0.085 0.0532647058824
0.172411764706 0.085 0.0531176470588
0.17281372549 0.085 0.0529705882353
0.173215686275 0.085 0.0528235294118
0.173617647059 0.085 0.0526764705882
0.174019607843 0.085 0.0525294117647
0.174421568627 0.085 0.0523823529412
0.174823529412 0.085 0.0522352941176
0.175225490196 0.085 0.0520882352941
0.17562745098 0.085 0.0519411764706
0.176029411765 0.085 0.0517941176471
0.176431372549 0.085 0.0516470588235
0.176833333333 0.085 0.0515
0.177235294118 0.085 0.0513529411765
0.177637254902 0.085 0.0512058823529
0.178039215686 0.085 0.0510588235294
0.178441176471 0.085 0.0509117647059
0.178843137255 0.085 0.0507647058824
0.179245098039 0.085 0.0506176470588
0.179647058824 0.085 0.0504705882353
0.180049019608 0.085 0.0503235294118
0.180450980392 0.085 0.0501764705882
0.180852941176 0.085 0.0500294117647
0.181254901961 0.085 0.0498823529412
0.181656862745 0.085 0.0497352941176
0.182058823529 0.085 0.0495882352941
0.182460784314 0.085 0.0494411764706
0.182862745098 0.085 0.0492941176471
0.183264705882 0.085 0.0491470588235
0.183666666667 0.085 0.049
0.184068627451 0.085 0.0488529411765
0.184470588235 0.085 0.0487058823529
0.18487254902 0.085 0.0485588235294
0.185274509804 0.085 0.0484117647059
0.185676470588 0.085 0.0482647058824
0.186078431373 0.085 0.0481176470588
0.186480392157 0.085 0.0479705882353
0.186882352941 0.085 0.0478235294118
0.187284313725 0.085 0.0476764705882
0.18768627451 0.085 0.0475294117647
0.188088235294 0.085 0.0473823529412
0.188490196078 0.085 0.0472352941176
0.188892156863 0.085 0.0470882352941
0.189294117647 0.085 0.0469411764706
0.189696078431 0.085 0.0467941176471
0.190098039216 0.085 0.0466470588235
0.1905 0.085 0.0465
0.190901960784 0.085 0.0463529411765
0.191303921569 0.085 0.0462058823529
0.191705882353 0.085 0.0460588235294
0.192107843137 0.085 0.0459117647059
0.192509803922 0.085 0.0457647058824
0.192911764706 0.085 0.0456176470588
0.19331372549 0.085 0.0454705882353
0.193715686275 0.085 0.0453235294118
0.194117647059 0.085 0.0451764705882
0.194519607843 0.085 0.0450294117647
0.194921568627 0.085 0.0448823529412
0.195323529412 0.085 0.0447352941176
0.195725490196 0.085 0.0445882352941
0.19612745098 0.085 0.0444411764706
0.196529411765 0.085 0.0442941176471
0.196931372549 0.085 0.0441470588235
0.197333333333 0.085 0.044
0.197735294118 0.085 0.0438529411765
0.198137254902 0.085 0.0437058823529
0.198539215686 0.085 0.0435588235294
0.198941176471 0.085 0.0434117647059
0.199343137255 0.085 0.0432647058824
0.199745098039 0.085 0.0431176470588
0.200147058824 0.085 0.0429705882353
0.200549019608 0.085 0.0428235294118
0.200950980392 0.085 0.0426764705882
0.201352941176 0.085 0.0425294117647
0.201754901961 0.085 0.0423823529412
0.202156862745 0.085 0.0422352941176
0.202558823529 0.085 0.0420882352941
0.202960784314 0.085 0.0419411764706
0.203362745098 0.085 0.0417941176471
0.203764705882 0.085 0.0416470588235
0.204166666667 0.085 0.0415
0.204568627451 0.085 0.0413529411765
0.204970588235 0.085 0.0412058823529
0.20537254902 0.085 0.0410588235294
0.205774509804 0.085 0.0409117647059
0.206176470588 0.085 0.0407647058824
0.206578431373 0.085 0.0406176470588
0.206980392157 0.085 0.0404705882353
0.207382352941 0.085 0.0403235294118
0.207784313725 0.085 0.0401764705882
0.20818627451 0.085 0.0400294117647
0.208588235294 0.085 0.0398823529412
0.208990196078 0.085 0.0397352941176
0.209392156863 0.085 0.0395882352941
0.209794117647 0.085 0.0394411764706
0.210196078431 0.085 0.0392941176471
0.210598039216 0.085 0.0391470588235
0.211 0.085 0.039
0.211 0.085 0.0394054054054
0.211 0.085 0.0398108108108
0.211 0.085 0.0402162162162
0.211 0.085 0.0406216216216
0.211 0.085 0.041027027027
0.211 0.085 0.0414324324324
0.211 0.085 0.0418378378378
0.211 0.085 0.0422432432432
0.211 0.085 0.0426486486486
0.211 0.085 0.0430540540541
0.211 0.085 0.0434594594595
0.211 0.085 0.0438648648649
0.211 0.085 0.0442702702703
0.211 0.085 0.0446756756757
0.211 0.085 0.0450810810811
0.211 0.085 0.0454864864865
0.211 0.085 0.0458918918919
0.211 0.085 0.0462972972973
0.211 0.085 0.0467027027027
0.211 0.085 0.0471081081081
0.211 0.085 0.0475135135135
0.211 0.085 0.0479189189189
0.211 0.085 0.0483243243243
0.211 0.085 0.0487297297297
0.211 0.085 0.0491351351351
0.211 0.085 0.0495405405405
0.211 0.085 0.0499459459459
0.211 0.085 0.0503513513514
0.211 0.085 0.0507567567568
0.211 0.085 0.0511621621622
0.211 0.085 0.0515675675676
0.211 0.085 0.051972972973
0.211 0.085 0.0523783783784
0.211 0.085 0.0527837837838
0.211 0.085 0.0531891891892
0.211 0.085 0.0535945945946
0.211 0.085 0.054
0.208202702703 0.0778378378378 0.0549459459459
0.205405405405 0.0706756756757 0.0558918918919
0.202608108108 0.0635135135135 0.0568378378378
0.199810810811 0.0563513513514 0.0577837837838
0.197013513514 0.0491891891892 0.0587297297297
0.194216216216 0.042027027027 0.0596756756757
0.191418918919 0.0348648648649 0.0606216216216
0.188621621622 0.0277027027027 0.0615675675676
0.185824324324 0.0205405405405 0.0625135135135
0.183027027027 0.0133783783784 0.0634594594595
0.18022972973 0.00621621621622 0.0644054054054
0.177432432432 -0.000945945945946 0.0653513513514
0.174635135135 -0.00810810810811 0.0662972972973
0.171837837838 -0.0152702702703 0.0672432432432
0.169040540541 -0.0224324324324 0.0681891891892
0.166243243243 -0.0295945945946 0.0691351351351
0.163445945946 -0.0367567567568 0.0700810810811
0.160648648649 -0.0439189189189 0.071027027027
0.157851351351 -0.0510810810811 0.071972972973
0.155054054054 -0.0582432432432 0.0729189189189
0.152256756757 -0.0654054054054 0.0738648648649
0.149459459459 -0.0725675675676 0.0748108108108
0.146662162162 -0.0797297297297 0.0757567567568
0.143864864865 -0.0868918918919 0.0767027027027
0.141067567568 -0.0940540540541 0.0776486486486
0.13827027027 -0.101216216216 0.0785945945946
0.135472972973 -0.108378378378 0.0795405405405
0.132675675676 -0.115540540541 0.0804864864865
0.129878378378 -0.122702702703 0.0814324324324
0.127081081081 -0.129864864865 0.0823783783784
0.124283783784 -0.137027027027 0.0833243243243
0.121486486486 -0.144189189189 0.0842702702703
0.118689189189 -0.151351351351 0.0852162162162
0.115891891892 -0.158513513514 0.0861621621622
0.113094594595 -0.165675675676 0.0871081081081
0.110297297297 -0.172837837838 0.0880540540541
0.1075 -0.18 0.089
0.1075 -0.18 0.0885945945946
0.1075 -0.18 0.0881891891892
0.1075 -0.18 0.0877837837838
0.1075 -0.18 0.0873783783784
0.1075 -0.18 0.086972972973
0.1075 -0.18 0.0865675675676
0.1075 -0.18 0.0861621621622
0.1075 -0.18 0.0857567567568
0.1075 -0.18 0.0853513513514
0.1075 -0.18 0.0849459459459
0.1075 -0.18 0.0845405405405
0.1075 -0.18 0.0841351351351
0.1075 -0.18 0.0837297297297
0.1075 -0.18 0.0833243243243
0.1075 -0.18 0.0829189189189
0.1075 -0.18 0.0825135135135
0.1075 -0.18 0.0821081081081
0.1075 -0.18 0.0817027027027
0.1075 -0.18 0.0812972972973
0.1075 -0.18 0.0808918918919
0.1075 -0.18 0.0804864864865
0.1075 -0.18 0.0800810810811
0.1075 -0.18 0.0796756756757
0.1075 -0.18 0.0792702702703
0.1075 -0.18 0.0788648648649
0.1075 -0.18 0.0784594594595
0.1075 -0.18 0.0780540540541
0.1075 -0.18 0.0776486486486
0.1075 -0.18 0.0772432432432
0.1075 -0.18 0.0768378378378
0.1075 -0.18 0.0764324324324
0.1075 -0.18 0.076027027027
0.1075 -0.18 0.0756216216216
0.1075 -0.18 0.0752162162162
0.1075 -0.18 0.0748108108108
0.1075 -0.18 0.0744054054054
0.1075 -0.18 0.074
0.1075 -0.18 0.0744054054054
0.1075 -0.18 0.0748108108108
0.1075 -0.18 0.0752162162162
0.1075 -0.18 0.0756216216216
0.1075 -0.18 0.076027027027
0.1075 -0.18 0.0764324324324
0.1075 -0.18 0.0768378378378
0.1075 -0.18 0.0772432432432
0.1075 -0.18 0.0776486486486
0.1075 -0.18 0.0780540540541
0.1075 -0.18 0.0784594594595
0.1075 -0.18 0.0788648648649
0.1075 -0.18 0.0792702702703
0.1075 -0.18 0.0796756756757
0.1075 -0.18 0.0800810810811
0.1075 -0.18 0.0804864864865
0.1075 -0.18 0.0808918918919
0.1075 -0.18 0.0812972972973
0.1075 -0.18 0.0817027027027
0.1075 -0.18 0.0821081081081
0.1075 -0.18 0.0825135135135
0.1075 -0.18 0.0829189189189
0.1075 -0.18 0.0833243243243
0.1075 -0.18 0.0837297297297
0.1075 -0.18 0.0841351351351
0.1075 -0.18 0.0845405405405
0.1075 -0.18 0.0849459459459
0.1075 -0.18 0.0853513513514
0.1075 -0.18 0.0857567567568
0.1075 -0.18 0.0861621621622
0.1075 -0.18 0.0865675675676
0.1075 -0.18 0.086972972973
0.1075 -0.18 0.0873783783784
0.1075 -0.18 0.0877837837838
0.1075 -0.18 0.0881891891892
0.1075 -0.18 0.0885945945946
0.1075 -0.18 0.089
0.112592592593 -0.172925925926 0.0877037037037
0.117685185185 -0.165851851852 0.0864074074074
0.122777777778 -0.158777777778 0.0851111111111
0.12787037037 -0.151703703704 0.0838148148148
0.132962962963 -0.14462962963 0.0825185185185
0.138055555556 -0.137555555556 0.0812222222222
0.143148148148 -0.130481481481 0.0799259259259
0.148240740741 -0.123407407407 0.0786296296296
0.153333333333 -0.116333333333 0.0773333333333
0.158425925926 -0.109259259259 0.076037037037
0.163518518519 -0.102185185185 0.0747407407407
0.168611111111 -0.0951111111111 0.0734444444444
0.173703703704 -0.088037037037 0.0721481481481
0.178796296296 -0.080962962963 0.0708518518519
0.183888888889 -0.0738888888889 0.0695555555556
0.188981481481 -0.0668148148148 0.0682592592593
0.194074074074 -0.0597407407407 0.066962962963
0.199166666667 -0.0526666666667 0.0656666666667
0.204259259259 -0.0455925925926 0.0643703703704
0.209351851852 -0.0385185185185 0.0630740740741
0.214444444444 -0.0314444444444 0.0617777777778
0.219537037037 -0.0243703703704 0.0604814814815
0.22462962963 -0.0172962962963 0.0591851851852
0.229722222222 -0.0102222222222 0.0578888888889
0.234814814815 -0.00314814814815 0.0565925925926
0.239907407407 0.00392592592593 0.0552962962963
0.245 0.011 0.054
0.245 0.011404040404 0.0538484848485
0.245 0.0118080808081 0.053696969697
0.245 0.0122121212121 0.0535454545455
0.245 0.0126161616162 0.0533939393939
0.245 0.0130202020202 0.0532424242424
0.245 0.0134242424242 0.0530909090909
0.245 0.0138282828283 0.0529393939394
0.245 0.0142323232323 0.0527878787879
0.245 0.0146363636364 0.0526363636364
0.245 0.0150404040404 0.0524848484848
0.245 0.0154444444444 0.0523333333333
0.245 0.0158484848485 0.0521818181818
0.245 0.0162525252525 0.0520303030303
0.245 0.0166565656566 0.0518787878788
0.245 0.0170606060606 0.0517272727273
0.245 0.0174646464646 0.0515757575758
0.245 0.0178686868687 0.0514242424242
0.245 0.0182727272727 0.0512727272727
0.245 0.0186767676768 0.0511212121212
0.245 0.0190808080808 0.0509696969697
0.245 0.0194848484848 0.0508181818182
0.245 0.0198888888889 0.0506666666667
0.245 0.0202929292929 0.0505151515152
0.245 0.020696969697 0.0503636363636
0.245 0.021101010101 0.0502121212121
0.245 0.0215050505051 0.0500606060606
0.245 0.0219090909091 0.0499090909091
0.245 0.0223131313131 0.0497575757576
0.245 0.0227171717172 0.0496060606061
0.245 0.0231212121212 0.0494545454545
0.245 0.0235252525253 0.049303030303
0.245 0.0239292929293 0.0491515151515
0.245 0.0243333333333 0.049
0.245 0.0247373737374 0.0488484848485
0.245 0.0251414141414 0.048696969697
0.245 0.0255454545455 0.0485454545455
0.245 0.0259494949495 0.0483939393939
0.245 0.0263535353535 0.0482424242424
0.245 0.0267575757576 0.0480909090909
0.245 0.0271616161616 0.0479393939394
0.245 0.0275656565657 0.0477878787879
0.245 0.0279696969697 0.0476363636364
0.245 0.0283737373737 0.0474848484848
0.245 0.0287777777778 0.0473333333333
0.245 0.0291818181818 0.0471818181818
0.245 0.0295858585859 0.0470303030303
0.245 0.0299898989899 0.0468787878788
0.245 0.0303939393939 0.0467272727273
0.245 0.030797979798 0.0465757575758
0.245 0.031202020202 0.0464242424242
0.245 0.0316060606061 0.0462727272727
0.245 0.0320101010101 0.0461212121212
0.245 0.0324141414141 0.0459696969697
0.245 0.0328181818182 0.0458181818182
0.245 0.0332222222222 0.0456666666667
0.245 0.0336262626263 0.0455151515152
0.245 0.0340303030303 0.0453636363636
0.245 0.0344343434343 0.0452121212121
0.245 0.0348383838384 0.0450606060606
0.245 0.0352424242424 0.0449090909091
0.245 0.0356464646465 0.0447575757576
0.245 0.0360505050505 0.0446060606061
0.245 0.0364545454545 0.0444545454545
0.245 0.0368585858586 0.044303030303
0.245 0.0372626262626 0.0441515151515
0.245 0.0376666666667 0.044
0.245 0.0380707070707 0.0438484848485
0.245 0.0384747474747 0.043696969697
0.245 0.0388787878788 0.0435454545455
0.245 0.0392828282828 0.0433939393939
0.245 0.0396868686869 0.0432424242424
0.245 0.0400909090909 0.0430909090909
0.245 0.0404949494949 0.0429393939394
0.245 0.040898989899 0.0427878787879
0.245 0.041303030303 0.0426363636364
0.245 0.0417070707071 0.0424848484848
0.245 0.0421111111111 0.0423333333333
0.245 0.0425151515152 0.0421818181818
0.245 0.0429191919192 0.0420303030303
0.245 0.0433232323232 0.0418787878788
0.245 0.0437272727273 0.0417272727273
0.245 0.0441313131313 0.0415757575758
0.245 0.0445353535354 0.0414242424242
0.245 0.0449393939394 0.0412727272727
0.245 0.0453434343434 0.0411212121212
0.245 0.0457474747475 0.0409696969697
0.245 0.0461515151515 0.0408181818182
0.245 0.0465555555556 0.0406666666667
0.245 0.0469595959596 0.0405151515152
0.245 0.0473636363636 0.0403636363636
0.245 0.0477676767677 0.0402121212121
0.245 0.0481717171717 0.0400606060606
0.245 0.0485757575758 0.0399090909091
0.245 0.0489797979798 0.0397575757576
0.245 0.0493838383838 0.0396060606061
0.245 0.0497878787879 0.0394545454545
0.245 0.0501919191919 0.039303030303
0.245 0.050595959596 0.0391515151515
0.245 0.051 0.039
0.245 0.051 0.0394054054054
0.245 0.051 0.0398108108108
0.245 0.051 0.0402162162162
0.245 0.051 0.0406216216216
0.245 0.051 0.041027027027
0.245 0.051 0.0414324324324
0.245 0.051 0.0418378378378
0.245 0.051 0.0422432432432
0.245 0.051 0.0426486486486
0.245 0.051 0.0430540540541
0.245 0.051 0.0434594594595
0.245 0.051 0.0438648648649
0.245 0.051 0.0442702702703
0.245 0.051 0.0446756756757
0.245 0.051 0.0450810810811
0.245 0.051 0.0454864864865
0.245 0.051 0.0458918918919
0.245 0.051 0.0462972972973
0.245 0.051 0.0467027027027
0.245 0.051 0.0471081081081
0.245 0.051 0.0475135135135
0.245 0.051 0.0479189189189
0.245 0.051 0.0483243243243
0.245 0.051 0.0487297297297
0.245 0.051 0.0491351351351
0.245 0.051 0.0495405405405
0.245 0.051 0.0499459459459
0.245 0.051 0.0503513513514
0.245 0.051 0.0507567567568
0.245 0.051 0.0511621621622
0.245 0.051 0.0515675675676
0.245 0.051 0.051972972973
0.245 0.051 0.0523783783784
0.245 0.051 0.0527837837838
0.245 0.051 0.0531891891892
0.245 0.051 0.0535945945946
0.245 0.051 0.054
0.240833333333 0.044 0.054
0.236666666667 0.037 0.054
0.2325 0.03 0.054
0.228333333333 0.023 0.054
0.224166666667 0.016 0.054
0.22 0.009 0.054
0.215833333333 0.002 0.054
0.211666666667 -0.005 0.054
0.2075 -0.012 0.054
0.203333333333 -0.019 0.054
0.199166666667 -0.026 0.054
0.195 -0.033 0.054
0.190833333333 -0.04 0.054
0.186666666667 -0.047 0.054
0.1825 -0.054 0.054
0.178333333333 -0.061 0.054
0.174166666667 -0.068 0.054
0.17 -0.075 0.054
0.165833333333 -0.082 0.054
0.161666666667 -0.089 0.054
0.1575 -0.096 0.054
0.153333333333 -0.103 0.054
0.149166666667 -0.11 0.054
0.145 -0.117 0.054
0.140833333333 -0.124 0.054
0.136666666667 -0.131 0.054
0.1325 -0.138 0.054
0.128333333333 -0.145 0.054
0.124166666667 -0.152 0.054
0.12 -0.159 0.054
0.115833333333 -0.166 0.054
0.111666666667 -0.173 0.054
0.1075 -0.18 0.054
0.1075 -0.18 0.0535945945946
0.1075 -0.18 0.0531891891892
0.1075 -0.18 0.0527837837838
0.1075 -0.18 0.0523783783784
0.1075 -0.18 0.051972972973
0.1075 -0.18 0.0515675675676
0.1075 -0.18 0.0511621621622
0.1075 -0.18 0.0507567567568
0.1075 -0.18 0.0503513513514
0.1075 -0.18 0.0499459459459
0.1075 -0.18 0.0495405405405
0.1075 -0.18 0.0491351351351
0.1075 -0.18 0.0487297297297
0.1075 -0.18 0.0483243243243
0.1075 -0.18 0.0479189189189
0.1075 -0.18 0.0475135135135
0.1075 -0.18 0.0471081081081
0.1075 -0.18 0.0467027027027
0.1075 -0.18 0.0462972972973
0.1075 -0.18 0.0458918918919
0.1075 -0.18 0.0454864864865
0.1075 -0.18 0.0450810810811
0.1075 -0.18 0.0446756756757
0.1075 -0.18 0.0442702702703
0.1075 -0.18 0.0438648648649
0.1075 -0.18 0.0434594594595
0.1075 -0.18 0.0430540540541
0.1075 -0.18 0.0426486486486
0.1075 -0.18 0.0422432432432
0.1075 -0.18 0.0418378378378
0.1075 -0.18 0.0414324324324
0.1075 -0.18 0.041027027027
0.1075 -0.18 0.0406216216216
0.1075 -0.18 0.0402162162162
0.1075 -0.18 0.0398108108108
0.1075 -0.18 0.0394054054054
0.1075 -0.18 0.039
0.1075 -0.18 0.0394054054054
0.1075 -0.18 0.0398108108108
0.1075 -0.18 0.0402162162162
0.1075 -0.18 0.0406216216216
0.1075 -0.18 0.041027027027
0.1075 -0.18 0.0414324324324
0.1075 -0.18 0.0418378378378
0.1075 -0.18 0.0422432432432
0.1075 -0.18 0.0426486486486
0.1075 -0.18 0.0430540540541
0.1075 -0.18 0.0434594594595
0.1075 -0.18 0.0438648648649
0.1075 -0.18 0.0442702702703
0.1075 -0.18 0.0446756756757
0.1075 -0.18 0.0450810810811
0.1075 -0.18 0.0454864864865
0.1075 -0.18 0.0458918918919
0.1075 -0.18 0.0462972972973
0.1075 -0.18 0.0467027027027
0.1075 -0.18 0.0471081081081
0.1075 -0.18 0.0475135135135
0.1075 -0.18 0.0479189189189
0.1075 -0.18 0.0483243243243
0.1075 -0.18 0.0487297297297
0.1075 -0.18 0.0491351351351
0.1075 -0.18 0.0495405405405
0.1075 -0.18 0.0499459459459
0.1075 -0.18 0.0503513513514
0.1075 -0.18 0.0507567567568
0.1075 -0.18 0.0511621621622
0.1075 -0.18 0.0515675675676
0.1075 -0.18 0.051972972973
0.1075 -0.18 0.0523783783784
0.1075 -0.18 0.0527837837838
0.1075 -0.18 0.0531891891892
0.1075 -0.18 0.0535945945946
0.1075 -0.18 0.054
0.109814814815 -0.172925925926 0.054
0.11212962963 -0.165851851852 0.054
0.114444444444 -0.158777777778 0.054
0.116759259259 -0.151703703704 0.054
0.119074074074 -0.14462962963 0.054
0.121388888889 -0.137555555556 0.054
0.123703703704 -0.130481481481 0.054
0.126018518519 -0.123407407407 0.054
0.128333333333 -0.116333333333 0.054
0.130648148148 -0.109259259259 0.054
0.132962962963 -0.102185185185 0.054
0.135277777778 -0.0951111111111 0.054
0.137592592593 -0.088037037037 0.054
0.139907407407 -0.080962962963 0.054
0.142222222222 -0.0738888888889 0.054
0.144537037037 -0.0668148148148 0.054
0.146851851852 -0.0597407407407 0.054
0.149166666667 -0.0526666666667 0.054
0.151481481481 -0.0455925925926 0.054
0.153796296296 -0.0385185185185 0.054
0.156111111111 -0.0314444444444 0.054
0.158425925926 -0.0243703703704 0.054
0.160740740741 -0.0172962962963 0.054
0.163055555556 -0.0102222222222 0.054
0.16537037037 -0.00314814814815 0.054
0.167685185185 0.00392592592593 0.054
0.17 0.011 0.054
0.170401960784 0.0113921568627 0.0538529411765
0.170803921569 0.0117843137255 0.0537058823529
0.171205882353 0.0121764705882 0.0535588235294
0.171607843137 0.012568627451 0.0534117647059
0.172009803922 0.0129607843137 0.0532647058824
0.172411764706 0.0133529411765 0.0531176470588
0.17281372549 0.0137450980392 0.0529705882353
0.173215686275 0.014137254902 0.0528235294118
0.173617647059 0.0145294117647 0.0526764705882
0.174019607843 0.0149215686275 0.0525294117647
0.174421568627 0.0153137254902 0.0523823529412
0.174823529412 0.0157058823529 0.0522352941176
0.175225490196 0.0160980392157 0.0520882352941
0.17562745098 0.0164901960784 0.0519411764706
0.176029411765 0.0168823529412 0.0517941176471
0.176431372549 0.0172745098039 0.0516470588235
0.176833333333 0.0176666666667 0.0515
0.177235294118 0.0180588235294 0.0513529411765
0.177637254902 0.0184509803922 0.0512058823529
0.178039215686 0.0188431372549 0.0510588235294
0.178441176471 0.0192352941176 0.0509117647059
0.178843137255 0.0196274509804 0.0507647058824
0.179245098039 0.0200196078431 0.0506176470588
0.179647058824 0.0204117647059 0.0504705882353
0.180049019608 0.0208039215686 0.0503235294118
0.180450980392 0.0211960784314 0.0501764705882
0.180852941176 0.0215882352941 0.0500294117647
0.181254901961 0.0219803921569 0.0498823529412
0.181656862745 0.0223725490196 0.0497352941176
0.182058823529 0.0227647058824 0.0495882352941
0.182460784314 0.0231568627451 0.0494411764706
0.182862745098 0.0235490196078 0.0492941176471
0.183264705882 0.0239411764706 0.0491470588235
0.183666666667 0.0243333333333 0.049
0.184068627451 0.0247254901961 0.0488529411765
0.184470588235 0.0251176470588 0.0487058823529
0.18487254902 0.0255098039216 0.0485588235294
0.185274509804 0.0259019607843 0.0484117647059
0.185676470588 0.0262941176471 0.0482647058824
0.186078431373 0.0266862745098 0.0481176470588
0.186480392157 0.0270784313725 0.0479705882353
0.186882352941 0.0274705882353 0.0478235294118
0.187284313725 0.027862745098 0.0476764705882
0.18768627451 0.0282549019608 0.0475294117647
0.188088235294 0.0286470588235 0.0473823529412
0.188490196078 0.0290392156863 0.0472352941176
0.188892156863 0.029431372549 0.0470882352941
0.189294117647 0.0298235294118 0.0469411764706
0.189696078431 0.0302156862745 0.0467941176471
0.190098039216 0.0306078431373 0.0466470588235
0.1905 0.031 0.0465
0.190901960784 0.0313921568627 0.0463529411765
0.191303921569 0.0317843137255 0.0462058823529
0.191705882353 0.0321764705882 0.0460588235294
0.192107843137 0.032568627451 0.0459117647059
0.192509803922 0.0329607843137 0.0457647058824
0.192911764706 0.0333529411765 0.0456176470588
0.19331372549 0.0337450980392 0.0454705882353
0.193715686275 0.034137254902 0.0453235294118
0.194117647059 0.0345294117647 0.0451764705882
0.194519607843 0.0349215686275 0.0450294117647
0.194921568627 0.0353137254902 0.0448823529412
0.195323529412 0.0357058823529 0.0447352941176
0.195725490196 0.0360980392157 0.0445882352941
0.19612745098 0.0364901960784 0.0444411764706
0.196529411765 0.0368823529412 0.0442941176471
0.196931372549 0.0372745098039 0.0441470588235
0.197333333333 0.0376666666667 0.044
0.197735294118 0.0380588235294 0.0438529411765
0.198137254902 0.0384509803922 0.0437058823529
0.198539215686 0.0388431372549 0.0435588235294
0.198941176471 0.0392352941176 0.0434117647059
0.199343137255 0.0396274509804 0.0432647058824
0.199745098039 0.0400196078431 0.0431176470588
0.200147058824 0.0404117647059 0.0429705882353
0.200549019608 0.0408039215686 0.0428235294118
0.200950980392 0.0411960784314 0.0426764705882
0.201352941176 0.0415882352941 0.0425294117647
0.201754901961 0.0419803921569 0.0423823529412
0.202156862745 0.0423725490196 0.0422352941176
0.202558823529 0.0427647058824 0.0420882352941
0.202960784314 0.0431568627451 0.0419411764706
0.203362745098 0.0435490196078 0.0417941176471
0.203764705882 0.0439411764706 0.0416470588235
0.204166666667 0.0443333333333 0.0415
0.204568627451 0.0447254901961 0.0413529411765
0.204970588235 0.0451176470588 0.0412058823529
0.20537254902 0.0455098039216 0.0410588235294
0.205774509804 0.0459019607843 0.0409117647059
0.206176470588 0.0462941176471 0.0407647058824
0.206578431373 0.0466862745098 0.0406176470588
0.206980392157 0.0470784313725 0.0404705882353
0.207382352941 0.0474705882353 0.0403235294118
0.207784313725 0.047862745098 0.0401764705882
0.20818627451 0.0482549019608 0.0400294117647
0.208588235294 0.0486470588235 0.0398823529412
0.208990196078 0.0490392156863 0.0397352941176
0.209392156863 0.049431372549 0.0395882352941
0.209794117647 0.0498235294118 0.0394411764706
0.210196078431 0.0502156862745 0.0392941176471
0.210598039216 0.0506078431373 0.0391470588235
0.211 0.051 0.039
0.211 0.051 0.0394054054054
0.211 0.051 0.0398108108108
0.211 0.051 0.0402162162162
0.211 0.051 0.0406216216216
0.211 0.051 0.041027027027
0.211 0.051 0.0414324324324
0.211 0.051 0.0418378378378
0.211 0.051 0.0422432432432
0.211 0.051 0.0426486486486
0.211 0.051 0.0430540540541
0.211 0.051 0.0434594594595
0.211 0.051 0.0438648648649
0.211 0.051 0.0442702702703
0.211 0.051 0.0446756756757
0.211 0.051 0.0450810810811
0.211 0.051 0.0454864864865
0.211 0.051 0.0458918918919
0.211 0.051 0.0462972972973
0.211 0.051 0.0467027027027
0.211 0.051 0.0471081081081
0.211 0.051 0.0475135135135
0.211 0.051 0.0479189189189
0.211 0.051 0.0483243243243
0.211 0.051 0.0487297297297
0.211 0.051 0.0491351351351
0.211 0.051 0.0495405405405
0.211 0.051 0.0499459459459
0.211 0.051 0.0503513513514
0.211 0.051 0.0507567567568
0.211 0.051 0.0511621621622
0.211 0.051 0.0515675675676
0.211 0.051 0.051972972973
0.211 0.051 0.0523783783784
0.211 0.051 0.0527837837838
0.211 0.051 0.0531891891892
0.211 0.051 0.0535945945946
0.211 0.051 0.054
0.2115738 0.04998 0.0610954
0.2121476 0.04896 0.0681908
0.2127214 0.04794 0.0752862
0.2132952 0.04692 0.0823816
0.213869 0.0459 0.089477
0.2144428 0.04488 0.0965724
0.2150166 0.04386 0.1036678
0.2155904 0.04284 0.1107632
0.2161642 0.04182 0.1178586
0.216738 0.0408 0.124954
0.2173118 0.03978 0.1320494
0.2178856 0.03876 0.1391448
0.2184594 0.03774 0.1462402
0.2190332 0.03672 0.1533356
0.219607 0.0357 0.160431
0.2201808 0.03468 0.1675264
0.2207546 0.03366 0.1746218
0.2213284 0.03264 0.1817172
0.2219022 0.03162 0.1888126
0.222476 0.0306 0.195908
0.2230498 0.02958 0.2030034
0.2236236 0.02856 0.2100988
0.2241974 0.02754 0.2171942
0.2247712 0.02652 0.2242896
0.225345 0.0255 0.231385
0.2259188 0.02448 0.2384804
0.2264926 0.02346 0.2455758
0.2270664 0.02244 0.2526712
0.2276402 0.02142 0.2597666
0.228214 0.0204 0.266862
0.2287878 0.01938 0.2739574
0.2293616 0.01836 0.2810528
0.2299354 0.01734 0.2881482
0.2305092 0.01632 0.2952436
0.231083 0.0153 0.302339
0.2316568 0.01428 0.3094344
0.2322306 0.01326 0.3165298
0.2328044 0.01224 0.3236252
0.2333782 0.01122 0.3307206
0.233952 0.0102 0.337816
0.2345258 0.00918 0.3449114
0.2350996 0.00816 0.3520068
0.2356734 0.00714 0.3591022
0.2362472 0.00612 0.3661976
0.236821 0.0051 0.373293
0.2373948 0.00408 0.3803884
0.2379686 0.00306 0.3874838
0.2385424 0.00204 0.3945792
0.2391162 0.00102 0.4016746
0.23969 -6.50521303491e-18 0.40877
